# Original data was compressed by a factor of 5000; data points taken in the publication are the last data points, those are identical with the original data 
# t                         j_E_dir                     j_ortho                     j_intra_E_dir               j_intra_ortho               dtP_E_dir                   dtP_ortho                   j_intra_plus_dtP_E_dir      j_intra_plus_dtP_ortho     
-2.067068667499999719e+04   +1.768271910189073403e-20   +1.199883850261303231e-20   +1.774507355699987503e-20   +1.199883850261303231e-20   +1.062983598002460113e-51   -1.941020275768755398e-68   +1.774507355699987503e-20   +1.199883850261303231e-20
-1.901703174099999887e+04   +1.768271910189073403e-20   +1.199883850261303231e-20   +1.774507355699987503e-20   +1.199883850261303231e-20   -1.144545067224116360e-42   -1.762778698959766155e-57   +1.774507355699987503e-20   +1.199883850261303231e-20
-1.736337680699999692e+04   +1.768271910189073403e-20   +1.199883850261303231e-20   +1.774507355699987503e-20   +1.199883850261303231e-20   -1.270268597251279929e-36   +5.894231180253150989e-52   +1.774507355699987503e-20   +1.199883850261303231e-20
-1.570972187299999678e+04   +1.768271910105105265e-20   +1.199883850261303231e-20   +1.774507355699987503e-20   +1.199883850261303231e-20   -3.847713864349453352e-31   +6.964329102706484922e-46   +1.774507355661510432e-20   +1.199883850261303231e-20
-1.405606693899999664e+04   +1.768264533377581098e-20   +1.199883850261303231e-20   +1.774507355699987503e-20   +1.199883850261303231e-20   -3.167361454358198847e-26   -4.425068548102335817e-41   +1.774504188338533072e-20   +1.199883850261303231e-20
-1.240241200499999650e+04   +8.589347072387858597e-21   +1.199883850261303231e-20   +1.056426754882684871e-20   +1.285589839565682130e-20   -7.043678426787606891e-22   -2.427068348571471235e-36   +9.859899706148088023e-21   +1.285589839565681829e-20
-1.074875707099999636e+04   -6.552050651239138047e-17   +1.199883850261303231e-20   -5.313587454001879533e-17   +1.028471871652545584e-20   -4.195303873123106317e-18   +7.891550244875675767e-33   -5.733117841314190704e-17   +1.028471871653334764e-20
-9.095102136999996219e+03   -1.370093857719919968e-13   +1.199883850261303231e-20   -1.150575195901448642e-13   +1.028471871652545584e-20   -6.604415374193980764e-15   -3.763531873821336322e-29   -1.216619349643388371e-13   +1.028471867889013657e-20
-7.441447202999996080e+03   -7.966643647263505826e-11   +1.114177860956924483e-20   -6.924680763857939245e-11   +9.427658823481668354e-21   -2.688037303267027358e-12   -1.000679893147750268e-26   -7.193484494184641375e-11   +9.427648816682736809e-21
-5.787792268999995940e+03   -1.288843104365835888e-08   +9.427658823481668354e-21   -1.158757690336691632e-08   +1.114177860956924483e-20   -2.713934044243864671e-10   +1.235681022097184411e-24   -1.185897030779130284e-08   +1.114301429059134224e-20
-4.134137334999995801e+03   -5.831707060364774939e-07   +1.114177860956924483e-20   -5.419685876162237067e-07   +1.199883850261303231e-20   -6.183771913594340541e-09   -4.555214519871587878e-23   -5.481523595298180257e-07   +1.195328635741431688e-20
-2.480482400999997481e+03   -7.232397919068671673e-06   +1.199883850261303231e-20   -6.916198593949108289e-06   +1.114177860956924483e-20   -2.656335977395298901e-08   +3.239263658575350753e-22   -6.942761953723061407e-06   +1.146570497542677934e-20
-8.268274669999955222e+02   -2.053016924026988479e-05   +9.427658823481668354e-21   -1.973086625534605906e-05   +1.028471871652545584e-20   +2.360060880115924242e-08   -6.478527317150702258e-21   -1.970726564654489828e-05   +3.806191399374753580e-21
+8.268274670000027982e+02   -1.869782000774394500e-05   +8.570598930437880869e-21   -1.944145039811589695e-05   +9.427658823481668354e-21   +4.838579918733215522e-08   +3.887116390290421656e-21   -1.939306459892856452e-05   +1.331477521377209001e-20
+2.480482401000004756e+03   -5.162202763477399058e-06   +9.427658823481668354e-21   -5.439641566833830019e-06   +1.028471871652545584e-20   -2.731260720937229877e-08   -3.239263658575350753e-22   -5.466954174043202407e-06   +9.960792350667921328e-21
+4.134137335000003077e+03   +1.067694594060721081e-06   +1.114177860956924483e-20   +1.036439764943360683e-06   +1.199883850261303231e-20   -6.576960497097935831e-09   -1.138803629967896970e-23   +1.029862804446262742e-06   +1.198745046631335345e-20
+5.787792269000005035e+03   +1.574348930533532020e-06   +9.427658823481668354e-21   +1.573492307492953052e-06   +1.028471871652545584e-20   -3.027081514382731234e-10   +0.000000000000000000e+00   +1.573189599341514680e-06   +1.028471871652545584e-20
+7.441447203000003356e+03   +1.585160139160895618e-06   +1.114177860956924483e-20   +1.585154211530515481e-06   +1.114177860956924483e-20   -3.125703314627550332e-12   +4.942724088402329640e-27   +1.585151085827200936e-06   +1.114178355229333342e-20
+9.095102137000005314e+03   +1.585224215413554883e-06   +9.427658823481668354e-21   +1.585224204743677782e-06   +1.114177860956924483e-20   -7.983599828448640177e-15   +3.861503194064320031e-29   +1.585224196760078005e-06   +1.114177864818427713e-20
+1.074875707100000363e+04   +1.585224321186200825e-06   +1.028471871652545584e-20   +1.585224321181148909e-06   +1.285589839565682130e-20   -5.260805802522562108e-18   -3.535311762143848369e-33   +1.585224321175888199e-06   +1.285589839565328542e-20
+1.240241200500000559e+04   +1.585224321234957524e-06   +1.028471871652545584e-20   +1.585224321234957100e-06   +1.114177860956924483e-20   -9.144559116114668424e-22   -2.589339669538951442e-36   +1.585224321234956253e-06   +1.114177860956924182e-20
+1.405606693900000391e+04   +1.585224321234963876e-06   +1.114177860956924483e-20   +1.585224321234963876e-06   +1.028471871652545584e-20   -4.249002993584533716e-26   -2.634012521910554446e-41   +1.585224321234963876e-06   +1.028471871652545584e-20
+1.570972187300000223e+04   +1.585224321234963876e-06   +1.114177860956924483e-20   +1.585224321234963876e-06   +1.028471871652545584e-20   -5.322854949087822174e-31   -4.019184145981680978e-46   +1.585224321234963876e-06   +1.028471871652545584e-20
+1.736337680700000783e+04   +1.585224321234963876e-06   +1.114177860956924483e-20   +1.585224321234963876e-06   +1.028471871652545584e-20   -1.808353944105646352e-36   -1.022131384781311086e-51   +1.585224321234963876e-06   +1.028471871652545584e-20
+1.901703174100000615e+04   +1.585224321234963876e-06   +1.114177860956924483e-20   +1.585224321234963876e-06   +1.028471871652545584e-20   -1.673131850955887383e-42   +4.873902248293452673e-58   +1.585224321234963876e-06   +1.028471871652545584e-20
+2.067068667500000447e+04   +1.585224321234963876e-06   +1.114177860956924483e-20   +1.585224321234963876e-06   +1.028471871652545584e-20   +1.065996402799242768e-51   -1.115556619220946912e-68   +1.585224321234963876e-06   +1.028471871652545584e-20
