# Original data was compressed by a factor of 5000; data points taken in the publication are the last data points, those are identical with the original data 
# t                         j_E_dir                     j_ortho                     j_intra_E_dir               j_intra_ortho               dtP_E_dir                   dtP_ortho                   j_intra_plus_dtP_E_dir      j_intra_plus_dtP_ortho     
-2.067068667499999719e+04   +1.302580795687012519e-19   +1.036936660719644981e-20   +1.298550514525231294e-19   +1.036936660719644981e-20   +2.209716095339277745e-19   -3.092850436850655929e-31   +3.508266609864509039e-19   +1.036936660688716503e-20
-1.901703174099999887e+04   +1.302580795687012519e-19   +1.036936660719644981e-20   +1.298550514525231294e-19   +1.036936660719644981e-20   -3.168372533676062092e-41   +3.182574490954666741e-56   +1.298550514525231294e-19   +1.036936660719644981e-20
-1.736337680699999692e+04   +1.302580795687012519e-19   +1.036936660719644981e-20   +1.298550514525231294e-19   +1.036936660719644981e-20   -3.499096361182108654e-35   -8.900285229454905185e-50   +1.298550514525231053e-19   +1.036936660719644981e-20
-1.570972187299999678e+04   +1.302580795576402751e-19   +1.036936660719644981e-20   +1.298550514525231294e-19   +1.036936660719644981e-20   -1.053832357363976480e-29   -1.858391938807057181e-44   +1.298550514419848018e-19   +1.036936660719644981e-20
-1.405606693899999664e+04   +1.302571632939624906e-19   +1.036936660719644981e-20   +1.298550514525231294e-19   +1.036936660719644981e-20   -8.617496384000368304e-25   +3.013952914513035223e-39   +1.298541897028847405e-19   +1.036936660719644981e-20
-1.240241200499999650e+04   -2.718622848367022675e-20   +9.332429946476807090e-21   -4.807983657321166570e-21   +1.036936660719644981e-20   -1.901753130544744343e-20   -6.415223612807645405e-36   -2.382551496276861000e-20   +1.036936660719644380e-20
-1.074875707099999636e+04   -1.180098359727906576e-15   +1.036936660720911882e-20   -1.046080730716719079e-15   +1.036936660719644981e-20   -1.122764383501207840e-16   +5.326534338328250701e-31   -1.158357169066839937e-15   +1.036936660772910336e-20
-9.095102136999996219e+03   -2.480068241451572392e-12   +1.140630329061861468e-20   -2.264647609474338799e-12   +1.036936660719644981e-20   -1.749682998706364685e-13   +4.453083519227180707e-28   -2.439615909344975343e-12   +1.036936705250480164e-20
-7.441447202999996080e+03   -1.453551330741252409e-09   +1.140631450333560624e-20   -1.362967123713361309e-09   +9.332429946465487738e-21   -7.038628613988857526e-11   +1.962495146795842363e-27   -1.433353409853249794e-09   +9.332431908960633997e-21
-5.787792268999995940e+03   -2.382870893180657687e-07   +9.333822317481189304e-21   -2.286155804391154313e-07   +1.036936629816524275e-20   -7.011338727732318921e-09   +4.628352915886564563e-23   -2.356269191668477494e-07   +1.041564982732410863e-20
-4.134137334999995801e+03   -1.073903930907325245e-05   +1.041708695889216590e-20   -1.041215408351476946e-05   +1.036936660719644981e-20   -2.535858157333614920e-07   -6.183121811751520886e-21   -1.066573989924813090e-05   +4.186244795444928928e-21
-2.480482400999997481e+03   -8.488358030241646473e-05   -2.041469050791801100e-20   -7.892141931710835090e-05   -2.284501080647967876e-20   -4.844927988085823146e-07   -2.653359344898699740e-20   -7.940591211591693755e-05   -4.937860425546667616e-20
-8.268274669999955222e+02   -3.558344751777207070e-04   -2.880739660561763684e-20   -3.500690081824023455e-04   -3.123771690417930761e-20   +1.036195849342301900e-06   +1.021050397342278347e-19   -3.490328123330600188e-04   +7.086732283004852711e-20
+8.268274670000027982e+02   -3.174254187993817613e-04   -3.804261374015197493e-20   -3.182863279890329957e-04   -3.337639876691357138e-20   -8.518629721502768934e-08   -1.368626387225615892e-20   -3.183715142862480465e-04   -4.706266263916972729e-20
+2.480482401000004756e+03   +1.360669167921060526e-04   -1.717426344316911864e-20   +1.361169409244714036e-04   -1.678541219539925168e-20   -3.493964199219912060e-07   -2.762053386837199479e-20   +1.357675445045494029e-04   -4.440594606377124647e-20
+4.134137335000003077e+03   +2.516039398598186438e-04   -4.342172266763513407e-21   +2.517924253962421891e-04   +1.944256238849334434e-21   -2.931086397817654539e-07   -1.061106448149614059e-21   +2.514993167564604426e-04   +8.831497906997203750e-22
+5.787792269000005035e+03   +2.624831026548460366e-04   +6.059598611080425572e-21   +2.624845194966479050e-04   +1.911851968201845270e-21   -4.185409742597976613e-09   +2.974375141910815111e-22   +2.624803340869053241e-04   +2.209289482392926593e-21
+7.441447203000003356e+03   +2.627194556676857294e-04   +3.985725289641135609e-21   +2.627192471273478449e-04   +6.092002881727913984e-21   +2.041677270479888226e-10   +6.687885167724709168e-26   +2.627194512950748947e-04   +6.092069760579590972e-21
+9.095102137000005314e+03   +2.627206351381804173e-04   +6.092002881727913984e-21   +2.627206524039641636e-04   +6.027194340432936408e-21   -1.387534784996880080e-11   -1.071637846126313488e-23   +2.627206385286162986e-04   +6.016477961971673602e-21
+1.074875707100000363e+04   +2.627206408463197279e-04   +4.018129560288624021e-21   +2.627206547417089075e-04   +8.133471932519715535e-21   -1.267635759656926775e-11   +1.913627446787767055e-25   +2.627206420653513310e-04   +8.133663295264394860e-21
+1.240241200500000559e+04   +2.627206509809590579e-04   +6.059598611080425572e-21   +2.627206547427892607e-04   +4.018129560288624021e-21   -3.783894453173919969e-12   +6.009986371239303577e-25   +2.627206509588947848e-04   +4.018730558925748171e-21
+1.405606693900000391e+04   +2.627206545648217025e-04   +6.059598611080425572e-21   +2.627206547427894234e-04   +3.985725289641135609e-21   -1.803477924912701617e-13   +5.980085935104515444e-26   +2.627206545624416077e-04   +3.985785090500486349e-21
+1.570972187300000223e+04   +2.627206547567926534e-04   +6.059598611080425572e-21   +2.627206547427894234e-04   +3.985725289641135609e-21   +1.163326904118252614e-14   +7.475107417835860564e-27   +2.627206547544226958e-04   +3.985732764748553229e-21
+1.736337680700000783e+04   +2.627206547541114756e-04   +6.059598611080425572e-21   +2.627206547427894234e-04   +3.985725289641135609e-21   +1.184049882226153014e-14   -5.828247814696241651e-27   +2.627206547546299411e-04   +3.985719461393320662e-21
+1.901703174100000615e+04   +2.627206547477155501e-04   +6.059598611080425572e-21   +2.627206547427894234e-04   +3.985725289641135609e-21   +4.407055167521741746e-15   +3.737553708822835343e-27   +2.627206547471964884e-04   +3.985729027194844795e-21
+2.067068667500000447e+04   +2.627206547430870369e-04   +3.985725289641135609e-21   +2.627206547427894234e-04   +3.985725289641135609e-21   +2.186646740310107075e-19   -3.103128791776746007e-31   +2.627206547427896402e-04   +3.985725289330822404e-21
