# Original data was compressed by a factor of 5000; data points taken in the publication are the last data points, those are identical with the original data 
# t                         j_E_dir                     j_ortho                     j_intra_E_dir               j_intra_ortho               dtP_E_dir                   dtP_ortho                   j_intra_plus_dtP_E_dir      j_intra_plus_dtP_ortho     
-2.067068667499999719e+04   +1.768271910189073403e-20   +1.199883850261303231e-20   +1.774507355699987503e-20   +1.199883850261303231e-20   +3.309281526257157655e-51   -4.427918430928565508e-68   +1.774507355699987503e-20   +1.199883850261303231e-20
-1.901703174099999887e+04   +1.768271910189073403e-20   +1.199883850261303231e-20   +1.774507355699987503e-20   +1.199883850261303231e-20   -3.619369297138672473e-42   -4.476271111663276767e-57   +1.774507355699987503e-20   +1.199883850261303231e-20
-1.736337680699999692e+04   +1.768271910189072500e-20   +1.199883850261303231e-20   +1.774507355699987503e-20   +1.199883850261303231e-20   -4.016942007501439331e-36   -3.768590380329752465e-51   +1.774507355699987202e-20   +1.199883850261303231e-20
-1.570972187299999678e+04   +1.768271909923534909e-20   +1.199883850261303231e-20   +1.774507355699987503e-20   +1.199883850261303231e-20   -1.216753959595221766e-30   -4.800965368246192730e-46   +1.774507355578312064e-20   +1.199883850261303231e-20
-1.405606693899999664e+04   +1.768248582662888032e-20   +1.199883850261303231e-20   +1.774507355699987503e-20   +1.199883850261303231e-20   -1.001607636879504897e-25   +1.544057674181405677e-40   +1.774497339623618800e-20   +1.199883850261303231e-20
-1.240241200499999650e+04   -9.625552058240667286e-21   +1.028471871652545584e-20   -3.611955047295378511e-21   +1.028471871652545584e-20   -2.227406693443881409e-21   +9.396559336501175788e-36   -5.839361740739259921e-21   +1.028471871652546487e-20
-1.074875707099999636e+04   -2.072339284199009566e-16   +1.199883850261303231e-20   -1.680690286320449716e-16   +1.199883850261303231e-20   -1.326671571559537860e-17   +4.902319728643721728e-33   -1.813357443476403625e-16   +1.199883850261793441e-20
-9.095102136999996219e+03   -4.332617565036043344e-13   +9.427658823481668354e-21   -3.638438609387629347e-13   +1.199883850261303231e-20   -2.088499519628730980e-14   -5.750109317653907483e-29   -3.847288561350502318e-13   +1.199883844511193977e-20
-7.441447202999996080e+03   -2.519273931926004401e-10   +1.028471871652545584e-20   -2.189776337017694334e-10   +1.199883850261303231e-20   -8.500320314533857849e-12   +1.827999410477605064e-26   -2.274779540163032847e-10   +1.199885678260713645e-20
-5.787792268999995940e+03   -4.076067454610442086e-08   +9.427658823481668354e-21   -3.664700832279400554e-08   +1.114177860956924483e-20   -8.582235949016270784e-10   +1.858464257234165736e-24   -3.750523191769563345e-08   +1.114363707382647954e-20
-4.134137334999995801e+03   -1.842797774432117176e-06   +1.114177860956924483e-20   -1.712189068155631122e-06   +1.199883850261303231e-20   -1.968875398009290543e-08   -1.619631829287675377e-22   -1.731877822135724015e-06   +1.183687531968426431e-20
-2.480482400999997481e+03   -2.036988286558330795e-05   +9.427658823481668354e-21   -1.862193213960816984e-05   +9.427658823481668354e-21   -3.476276323702308845e-07   +5.182821853720561205e-21   -1.896955977197840130e-05   +1.461048067720222956e-20
-8.268274669999955222e+02   -3.914351084850687561e-05   +2.571179679131363960e-21   -3.669222255935223459e-05   +2.571179679131363960e-21   +1.366586791757928009e-07   -1.036564370744112241e-20   -3.655556388017644346e-05   -7.794464028309758450e-21
+8.268274670000027982e+02   -3.251677996793040976e-05   +3.428239572175152197e-21   -3.450778991443489448e-05   +2.571179679131363960e-21   +1.243811951547736980e-07   -1.295705463430140452e-20   -3.438340871928011986e-05   -1.038587495517004056e-20
+2.480482401000004756e+03   +3.855093085100796874e-06   +1.028471871652545584e-20   +2.558868396036861069e-06   +8.570598930437880869e-21   -1.861027502630191904e-07   +7.774232780580843312e-21   +2.372765645773841852e-06   +1.634483171101872418e-20
+4.134137335000003077e+03   +2.245065855707279015e-05   +1.028471871652545584e-20   +2.235337734052344910e-05   +8.570598930437880869e-21   -2.053692160796894753e-08   +2.328220754601033530e-22   +2.233284041891547887e-05   +8.803421005897984504e-21
+5.787792269000005035e+03   +2.412311359963205027e-05   +1.199883850261303231e-20   +2.412044552595109538e-05   +8.570598930437880869e-21   -9.427689108023111651e-10   -7.592024199785979797e-24   +2.411950275704029145e-05   +8.563006906238094962e-21
+7.441447203000003356e+03   +2.415880149837166787e-05   +1.028471871652545584e-20   +2.415878303680485211e-05   +1.028471871652545584e-20   -9.735244156752484961e-12   -2.965634453041398358e-26   +2.415877330156069629e-05   +1.028468906018092578e-20
+9.095102137000005314e+03   +2.415901313360566705e-05   +1.028471871652545584e-20   +2.415901310037765889e-05   +1.028471871652545584e-20   -2.486303467483308135e-14   -1.930751597032160016e-29   +2.415901307551462286e-05   +1.028471869721794044e-20
+1.074875707100000363e+04   +2.415901348311637402e-05   +8.570598930437880869e-21   +2.415901348310067002e-05   +8.570598930437880869e-21   -1.638208048164980068e-17   +3.770999212953437531e-32   +2.415901348308428841e-05   +8.570598930475591480e-21
+1.240241200500000559e+04   +2.415901348327753389e-05   +1.199883850261303231e-20   +2.415901348327753728e-05   +6.856479144350304394e-21   -2.847386338283066907e-21   +0.000000000000000000e+00   +2.415901348327753389e-05   +6.856479144350304394e-21
+1.405606693900000391e+04   +2.415901348327756100e-05   +1.199883850261303231e-20   +2.415901348327756777e-05   +8.570598930437880869e-21   -1.322948845656109667e-25   -2.809613356704590865e-40   +2.415901348327756777e-05   +8.570598930437880869e-21
+1.570972187300000223e+04   +2.415901348327756100e-05   +1.199883850261303231e-20   +2.415901348327756777e-05   +8.570598930437880869e-21   -1.657214701345253888e-30   -1.071782438928448053e-45   +2.415901348327756777e-05   +8.570598930437880869e-21
+1.736337680700000783e+04   +2.415901348327756100e-05   +1.199883850261303231e-20   +2.415901348327756777e-05   +8.570598930437880869e-21   -5.629912586143554612e-36   -8.177051078250488688e-51   +2.415901348327756777e-05   +8.570598930437880869e-21
+1.901703174100000615e+04   +2.415901348327756100e-05   +1.199883850261303231e-20   +2.415901348327756777e-05   +8.570598930437880869e-21   -5.208810350976846361e-42   +3.899121798634762139e-57   +2.415901348327756777e-05   +8.570598930437880869e-21
+2.067068667500000447e+04   +2.415901348327756100e-05   +1.199883850261303231e-20   +2.415901348327756777e-05   +8.570598930437880869e-21   +3.318642489513932553e-51   -1.487408825627929285e-68   +2.415901348327756777e-05   +8.570598930437880869e-21
