# Original data was compressed by a factor of 5000; data points taken in the publication are the last data points, those are identical with the original data 
# t                         j_E_dir                     j_ortho                     j_intra_E_dir               j_intra_ortho               dtP_E_dir                   dtP_ortho                   j_intra_plus_dtP_E_dir      j_intra_plus_dtP_ortho     
-2.067068667499999719e+04   +1.302580795687012519e-19   +1.036936660719644981e-20   +1.298550514525231294e-19   +1.036936660719644981e-20   -5.407442740339534413e-26   +6.126376942445775218e-40   +1.298549973780957325e-19   +1.036936660719644981e-20
-1.901703174099999887e+04   +1.302580795687012519e-19   +1.036936660719644981e-20   +1.298550514525231294e-19   +1.036936660719644981e-20   -3.898650959233806120e-41   +4.950100054360571237e-56   +1.298550514525231294e-19   +1.036936660719644981e-20
-1.736337680699999692e+04   +1.302580795687012037e-19   +1.036936660719644981e-20   +1.298550514525231294e-19   +1.036936660719644981e-20   -4.309144140613539070e-35   +2.996012709571592375e-50   +1.298550514525230812e-19   +1.036936660719644981e-20
-1.570972187299999678e+04   +1.302580795534416515e-19   +1.036936660719644981e-20   +1.298550514525231294e-19   +1.036936660719644981e-20   -1.299057535737138678e-29   +2.275225992608883553e-44   +1.298550514395325634e-19   +1.036936660719644981e-20
-1.405606693899999664e+04   +1.302568002965473338e-19   +1.036936660719644981e-20   +1.298550514525231294e-19   +1.036936660719644981e-20   -1.063481749794626263e-24   -3.606482876059462894e-39   +1.298539879707733237e-19   +1.036936660719644981e-20
-1.240241200499999650e+04   -7.083537853833784401e-20   +1.036936660719645282e-20   -3.915144737637073880e-20   +1.036936660719644981e-20   -2.350016845496095707e-20   -4.665849379941399023e-35   -6.265161583133169586e-20   +1.036936660719640317e-20
-1.074875707099999636e+04   -1.509995944364425244e-15   +1.036936660721165714e-20   -1.316971688227240290e-15   +1.036936660719644981e-20   -1.389487799775839430e-16   +4.599994267040149359e-31   -1.455920468204824258e-15   +1.036936660765644915e-20
-9.095102136999996219e+03   -3.168557184591195923e-12   +8.295493313968607488e-21   -2.851022458139768938e-12   +8.295493285757159852e-21   -2.169014441537863077e-13   +1.307915549209751468e-27   -3.067923902293555297e-12   +8.295494593672708962e-21
-7.441447202999996080e+03   -1.853575323625445730e-09   +8.295506987171761224e-21   -1.715874035277759882e-09   +9.332429946454171395e-21   -8.742291625661782810e-11   -2.776965906107365711e-25   -1.803296951534377671e-09   +9.332152249863560518e-21
-5.787792268999995940e+03   -3.035478337215574726e-07   +9.334181535355722592e-21   -2.881901222131150324e-07   +9.332429575639357410e-21   -8.728361173911687773e-09   -1.679039940378371053e-23   -2.969184833870267085e-07   +9.315639176235573450e-21
-4.134137334999995801e+03   -1.343815683294612610e-05   +9.390909528660944317e-21   -1.282561411116868462e-05   +1.140554379282279383e-20   -3.989830432345227937e-07   -6.088971338804792286e-21   -1.322459715440320720e-05   +5.316572454018001548e-21
-2.480482400999997481e+03   -1.141511812151340023e-04   -2.242375528806232413e-20   -1.059735019256885491e-04   -2.281260653583219110e-20   -7.637616306805014405e-07   +1.003169461992395463e-19   -1.067372635563690488e-04   +7.750433966340735517e-20
-8.268274669999955222e+02   -5.016680625826018970e-04   -2.883980087626512449e-20   -4.934327689435249846e-04   -2.728439588518565665e-20   +2.029122073338220312e-07   +1.029745920697358230e-19   -4.932298567361911900e-04   +7.569019618455016635e-20
+8.268274670000027982e+02   -4.437345528561989624e-04   -3.000635461957472839e-20   -4.455448379514771696e-04   -2.527533110504134652e-20   +6.811877031037858943e-07   +5.466544858506968002e-20   -4.448636502483733612e-04   +2.939011748002833049e-20
+2.480482401000004756e+03   +2.204544228445957097e-04   -1.360979367194534066e-20   +2.197000193239918972e-04   -1.296170825899556189e-20   -1.295303976449354455e-07   -3.731726713088547364e-20   +2.195704889263469593e-04   -5.027897538988103703e-20
+4.134137335000003077e+03   +3.864558114835320757e-04   -3.888512477698668680e-22   +3.866001908595929600e-04   +3.823703936403690540e-21   -5.061889145161256956e-07   -5.480629156898999243e-22   +3.860940019450768241e-04   +3.275641020713790616e-21
+5.787792269000005035e+03   +4.001782011359087125e-04   +7.971450579282271218e-21   +4.001802850930073416e-04   +7.971450579282271218e-21   -8.734051732067763036e-09   +4.564001584917636294e-23   +4.001715510412752735e-04   +8.017090595131447211e-21
+7.441447203000003356e+03   +4.004809596917298267e-04   +9.980515359426582852e-21   +4.004810097718902230e-04   +8.036259120577248042e-21   -1.009048368435099286e-10   +1.118416227943847824e-24   +4.004809088670533822e-04   +8.037377536805192547e-21
+9.095102137000005314e+03   +4.004828072356369693e-04   +7.971450579282271218e-21   +4.004828076677761028e-04   +8.036259120577248042e-21   -5.728916757172103762e-13   +7.184215145468839718e-26   +4.004828070948844338e-04   +8.036330962728701984e-21
+1.074875707100000363e+04   +4.004828106432344699e-04   +5.897577257842980503e-21   +4.004828106586657025e-04   +7.971450579282271218e-21   -2.005729035525188141e-14   -2.990002332795847927e-27   +4.004828106386083960e-04   +7.971447589279938584e-21
+1.240241200500000559e+04   +4.004828106607056831e-04   +6.027194340432936408e-21   +4.004828106600477893e-04   +7.971450579282271218e-21   +5.537688277088794593e-16   +1.167987075379033917e-29   +4.004828106606015455e-04   +7.971450590962142579e-21
+1.405606693900000391e+04   +4.004828106600550534e-04   +1.011013244201653800e-20   +4.004828106600480061e-04   +1.011013244201653800e-20   +5.395789236810140573e-18   -1.094986443765382877e-30   +4.004828106600534271e-04   +1.011013244092155204e-20
+1.570972187300000223e+04   +4.004828106600482229e-04   +1.011013244201653800e-20   +4.004828106600480061e-04   +1.011013244201653800e-20   +3.649577454070731821e-19   -1.939038484327659407e-31   +4.004828106600483856e-04   +1.011013244182263448e-20
+1.736337680700000783e+04   +4.004828106600477893e-04   +1.011013244201653800e-20   +4.004828106600480061e-04   +1.011013244201653800e-20   -1.909460251543539556e-20   -1.140610873060609465e-32   +4.004828106600480061e-04   +1.011013244200513138e-20
+1.901703174100000615e+04   +4.004828106600478435e-04   +1.011013244201653800e-20   +4.004828106600480061e-04   +1.011013244201653800e-20   +2.277167247415684532e-21   -2.316865835890352365e-33   +4.004828106600480061e-04   +1.011013244201422087e-20
+2.067068667500000447e+04   +4.004828106600478435e-04   +1.011013244201653800e-20   +4.004828106600480061e-04   +1.011013244201653800e-20   -5.409901010349451863e-26   +7.685818345978550467e-40   +4.004828106600480061e-04   +1.011013244201653800e-20
