# Original data was compressed by a factor of 5000; data points taken in the publication are the last data points, those are identical with the original data 
# t                         j_E_dir                     j_ortho                     j_intra_E_dir               j_intra_ortho               dtP_E_dir                   dtP_ortho                   j_intra_plus_dtP_E_dir      j_intra_plus_dtP_ortho     
-2.067068667499999719e+04   +1.768271910189073403e-20   +1.199883850261303231e-20   +1.774507355699987503e-20   +1.199883850261303231e-20   -1.439588653405347527e-21   -1.204315943174928746e-33   +1.630548490359452750e-20   +1.199883850261182861e-20
-1.901703174099999887e+04   +1.768271910189073403e-20   +1.199883850261303231e-20   +1.774507355699987503e-20   +1.199883850261303231e-20   -1.836448113474101729e-42   +1.206992229573386501e-57   +1.774507355699987503e-20   +1.199883850261303231e-20
-1.736337680699999692e+04   +1.768271910189073403e-20   +1.199883850261303231e-20   +1.774507355699987503e-20   +1.199883850261303231e-20   -2.030891721637296770e-36   -4.846702332553372991e-52   +1.774507355699987202e-20   +1.199883850261303231e-20
-1.570972187299999678e+04   +1.768271910124970028e-20   +1.199883850261303231e-20   +1.774507355699987503e-20   +1.199883850261303231e-20   -6.124268033619150682e-31   +2.664885275044173158e-46   +1.774507355638744736e-20   +1.199883850261303231e-20
-1.405606693899999664e+04   +1.768266593104748959e-20   +1.199883850261303231e-20   +1.774507355699987503e-20   +1.199883850261303231e-20   -5.013912329160857869e-26   +3.807754270568382475e-41   +1.774502341787658291e-20   +1.199883850261303231e-20
-1.240241200499999650e+04   +7.768347315895456208e-21   +1.199883850261303231e-20   +8.911246759020714856e-21   +1.114177860956924483e-20   -1.107699003493350266e-21   -3.206441087668412980e-36   +7.803547755527364966e-21   +1.114177860956924182e-20
-1.074875707099999636e+04   -7.471347105120439080e-17   +1.199883850261303231e-20   -6.689850463875109342e-17   +1.028471871652545584e-20   -6.546139590548914583e-18   -6.752793019783797261e-33   -7.344464422930000954e-17   +1.028471871651870305e-20
-9.095102136999996219e+03   -1.574216692250751135e-13   +1.114177860956924483e-20   -1.448488392869479872e-13   +1.028471871652545584e-20   -1.021034100214431799e-14   -2.050862318088077162e-30   -1.550591802890922973e-13   +1.028471871447459323e-20
-7.441447202999996080e+03   -9.246746889096908862e-11   +1.199883850261303231e-20   -8.717656584758762752e-11   +1.114177860956924483e-20   -4.110618159219224236e-12   -2.263414063602060592e-26   -9.128718400680684853e-11   +1.114175597542860876e-20
-5.787792268999995940e+03   -1.515319800401002637e-08   +1.028471871652545584e-20   -1.458799563822242453e-08   +1.285589839565682130e-20   -4.096644680212196946e-10   -1.309821883423015512e-24   -1.499766010624364417e-08   +1.285458857377339799e-20
-4.134137334999995801e+03   -6.960154448365550422e-07   +1.028471871652545584e-20   -6.816004807465917899e-07   +1.114177860956924483e-20   -9.194386490727552092e-09   -2.024539786609594221e-23   -6.907948672373192890e-07   +1.112153321170314958e-20
-2.480482400999997481e+03   -8.727645609006594836e-06   +1.028471871652545584e-20   -8.637264647984703390e-06   +1.028471871652545584e-20   -5.022841746786647893e-08   +0.000000000000000000e+00   -8.687493065452570531e-06   +1.028471871652545584e-20
-8.268274669999955222e+02   -2.247434349550476391e-05   +5.999419251306516157e-21   -2.202646393283562507e-05   +7.285009090872198137e-21   +1.038226902921059721e-07   +0.000000000000000000e+00   -2.192264124254351845e-05   +7.285009090872198137e-21
+8.268274670000027982e+02   -2.113289249136106188e-05   +5.570889304784622414e-21   -2.144047908616778590e-05   +4.713829411740834177e-21   -1.297759276814559196e-08   +5.182821853720561807e-20   -2.145345667893593187e-05   +5.654204794894645074e-20
+2.480482401000004756e+03   -6.113194549605703732e-06   +1.114177860956924483e-20   -6.124936288460063332e-06   +1.028471871652545584e-20   -4.159838074269244602e-08   +0.000000000000000000e+00   -6.166534669202755586e-06   +1.028471871652545584e-20
+4.134137335000003077e+03   +1.885529454047361319e-06   +1.028471871652545584e-20   +1.890155873102545876e-06   +9.427658823481668354e-21   -9.921576536794504181e-09   -2.024539786609594221e-23   +1.880234296565751426e-06   +9.407413425615573105e-21
+5.787792269000005035e+03   +2.560004251820029023e-06   +1.028471871652545584e-20   +2.560279640695352340e-06   +1.028471871652545584e-20   -4.376486402060813212e-10   -1.138803629967896970e-23   +2.559841992055146402e-06   +1.027333068022577698e-20
+7.441447203000003356e+03   +2.574847591512066834e-06   +1.114177860956924483e-20   +2.574846522816291886e-06   +1.114177860956924483e-20   -5.951313940981353049e-13   +4.745015124866237373e-25   +2.574845927684897871e-06   +1.114225311108173182e-20
+9.095102137000005314e+03   +2.574934930786006320e-06   +1.114177860956924483e-20   +2.574933950842131827e-06   +1.114177860956924483e-20   +9.649773056066205491e-13   -1.482817226520699179e-26   +2.574934915819437280e-06   +1.114176378139697905e-20
+1.074875707100000363e+04   +2.574934204649447364e-06   +1.028471871652545584e-20   +2.574934096283358909e-06   +1.028471871652545584e-20   +1.139296660094781169e-13   -2.471362044201165107e-26   +2.574934210213024883e-06   +1.028469400290501437e-20
+1.240241200500000559e+04   +2.574934099954602991e-06   +1.028471871652545584e-20   +2.574934096350571397e-06   +1.028471871652545584e-20   +4.785040379146812298e-15   -3.707043066301747948e-27   +2.574934101135611712e-06   +1.028471500948238902e-20
+1.405606693900000391e+04   +2.574934096374231145e-06   +1.114177860956924483e-20   +2.574934096350580291e-06   +1.199883850261303231e-20   +1.042108543958349039e-16   +5.406104471690048492e-28   +2.574934096454791178e-06   +1.199883904322348009e-20
+1.570972187300000223e+04   +2.574934096171484915e-06   +1.199883850261303231e-20   +2.574934096350580291e-06   +1.199883850261303231e-20   -1.674635130573522409e-16   +1.448063697774120180e-28   +2.574934096183116795e-06   +1.199883864741940158e-20
+1.736337680700000783e+04   +2.574934096872054007e-06   +1.028471871652545584e-20   +2.574934096350580291e-06   +1.199883850261303231e-20   +5.241174481957462202e-16   +1.930751597032160016e-29   +2.574934096874697597e-06   +1.199883852192054771e-20
+1.901703174100000615e+04   +2.574934096377288087e-06   +1.199883850261303231e-20   +2.574934096350580291e-06   +1.199883850261303231e-20   +2.574747286582063220e-17   +8.447038237015700769e-30   +2.574934096376327975e-06   +1.199883851106007077e-20
+2.067068667500000447e+04   +2.574934096353069297e-06   +1.114177860956924483e-20   +2.574934096350580291e-06   +1.199883850261303231e-20   -1.459969606989510051e-21   -1.200394072618497415e-33   +2.574934096350579020e-06   +1.199883850261183162e-20
