# Original data was compressed by a factor of 5000; data points taken in the publication are the last data points, those are identical with the original data 
# t                         j_E_dir                     j_ortho                     j_intra_E_dir               j_intra_ortho               dtP_E_dir                   dtP_ortho                   j_intra_plus_dtP_E_dir      j_intra_plus_dtP_ortho     
-2.067068667499999719e+04   +1.768271910189073403e-20   +1.199883850261303231e-20   +1.774507355699987503e-20   +1.199883850261303231e-20   +2.714352866294984519e-20   +1.472209870414241526e-32   +4.488860221994972323e-20   +1.199883850262775515e-20
-1.901703174099999887e+04   +1.768271910189073403e-20   +1.199883850261303231e-20   +1.774507355699987503e-20   +1.199883850261303231e-20   -9.204043496921492134e-42   -5.173232760018187226e-57   +1.774507355699987503e-20   +1.199883850261303231e-20
-1.736337680699999692e+04   +1.768271910189072199e-20   +1.199883850261303231e-20   +1.774507355699987503e-20   +1.199883850261303231e-20   -1.017857003763883917e-35   +6.754311186807818471e-51   +1.774507355699986600e-20   +1.199883850261303231e-20
-1.570972187299999678e+04   +1.768271909867780742e-20   +1.199883850261303231e-20   +1.774507355699987503e-20   +1.199883850261303231e-20   -3.069404953761578228e-30   +8.399189295001625869e-46   +1.774507355393046932e-20   +1.199883850261303231e-20
-1.405606693899999664e+04   +1.768245261641237572e-20   +1.199883850261303231e-20   +1.774507355699987503e-20   +1.199883850261303231e-20   -2.512908849901561763e-25   +8.433982788927877253e-40   +1.774482226611488373e-20   +1.199883850261303231e-20
-1.240241200499999650e+04   -3.161623824373727907e-20   +1.114177860956924483e-20   -2.509243710298121717e-20   +1.114177860956924483e-20   -5.551645992524988115e-21   +7.593092453590794500e-36   -3.064408309550620679e-20   +1.114177860956925235e-20
-1.074875707099999636e+04   -3.745278102573591095e-16   +1.114177860956924483e-20   -3.353595840718260776e-16   +1.028471871652545584e-20   -3.280841592324894316e-17   -7.945434741254787153e-32   -3.681679999950750331e-16   +1.028471871644600220e-20
-9.095102136999996219e+03   -7.889773808155597738e-13   +1.114177860956924483e-20   -7.259639612495277166e-13   +1.199883850261303231e-20   -5.117292561256151957e-14   -3.715065793474977428e-29   -7.771368868620892361e-13   +1.199883846546237482e-20
-7.441447202999996080e+03   -4.634351564627858649e-10   +1.114177860956924483e-20   -4.369178258554972344e-10   +1.285589839565682130e-20   -2.060189344976491061e-11   -6.873475685434489521e-26   -4.575197193052621515e-10   +1.285582966089996716e-20
-5.787792268999995940e+03   -7.597824121907519315e-08   +9.427658823481668354e-21   -7.314548657199708790e-08   +1.028471871652545584e-20   -2.053225719547658259e-09   -5.852185320652265868e-24   -7.519871229154474161e-08   +1.027886653120480396e-20
-4.134137334999995801e+03   -3.482468986291161278e-06   +1.114177860956924483e-20   -3.408237960775896039e-06   +1.199883850261303231e-20   -4.835255660727409780e-08   +1.619631829287675377e-22   -3.456590517383170051e-06   +1.216080168554180032e-20
-2.480482400999997481e+03   -2.955291753387817111e-05   +4.285299465218940434e-21   -2.738432226148345664e-05   +3.856769518697045940e-21   -2.127594472107899852e-07   +2.073128741488224482e-20   -2.759708170869424742e-05   +2.458805693357929001e-20
-8.268274669999955222e+02   -7.867560481771105219e-05   +0.000000000000000000e+00   -7.674571629916983795e-05   +8.570598930437880493e-22   +2.677206387758264370e-07   +4.146257482976448964e-20   -7.647799566039400945e-05   +4.231963472280828013e-20
+8.268274670000027982e+02   -7.027188788254089193e-05   +0.000000000000000000e+00   -7.090742939089074057e-05   +0.000000000000000000e+00   +5.027461975388421740e-07   -1.295705463430140452e-20   -7.040468319335189290e-05   -1.295705463430140452e-20
+2.480482401000004756e+03   +1.239424306689273123e-05   +8.570598930437880869e-21   +1.233496904715639925e-05   +6.856479144350304394e-21   -2.091630895796680134e-07   +4.211042756147956167e-20   +1.212580595757673068e-05   +4.896690670582986757e-20
+4.134137335000003077e+03   +4.375116398176187327e-05   +1.199883850261303231e-20   +4.376391257775955621e-05   +1.542707807478818376e-20   -3.847912695198659328e-08   -7.288343231794540605e-22   +4.372543345080756697e-05   +1.469824375160873073e-20
+5.787792269000005035e+03   +4.717464023457995734e-05   +1.371295828870060879e-20   +4.717664525490721460e-05   +1.199883850261303231e-20   -2.761632526549245268e-09   -3.542944626566790180e-23   +4.717388362238066594e-05   +1.196340905634736375e-20
+7.441447203000003356e+03   +4.725074995119758167e-05   +1.371295828870060879e-20   +4.725085534476381111e-05   +1.028471871652545584e-20   -1.131832171867601209e-10   +1.898006049946494949e-24   +4.725074216154662480e-05   +1.028661672257540232e-20
+9.095102137000005314e+03   +4.725129458940711366e-05   +1.371295828870060879e-20   +4.725130052651176272e-05   +1.542707807478818376e-20   -6.697145405947023257e-12   +2.530674733261992776e-24   +4.725129382936635422e-05   +1.542960874952144472e-20
+1.074875707100000363e+04   +4.725130173002457026e-05   +1.371295828870060879e-20   +4.725130126709557228e-05   +1.371295828870060879e-20   +3.481335094926647844e-13   -7.908358541443727424e-26   +4.725130161522908160e-05   +1.371287920511519429e-20
+1.240241200500000559e+04   +4.725130148154002162e-05   +1.371295828870060879e-20   +4.725130126743782102e-05   +1.371295828870060879e-20   +2.053185592073464377e-13   -3.737935091854262311e-26   +4.725130147275637805e-05   +1.371292090934969114e-20
+1.405606693900000391e+04   +4.725130130401910725e-05   +1.199883850261303231e-20   +4.725130126743786846e-05   +1.371295828870060879e-20   +3.713463402262219629e-14   -3.707043066301747948e-27   +4.725130130457250437e-05   +1.371295458165754347e-20
+1.570972187300000223e+04   +4.725130127106773667e-05   +1.199883850261303231e-20   +4.725130126743786846e-05   +1.371295828870060879e-20   +3.947873187466173459e-15   -1.544601277625728013e-28   +4.725130127138573994e-05   +1.371295813424047956e-20
+1.736337680700000783e+04   +4.725130126761729714e-05   +1.371295828870060879e-20   +4.725130126743786846e-05   +1.371295828870060879e-20   +2.424033385437085788e-16   +2.413439496290200300e-29   +4.725130126768026896e-05   +1.371295831283500266e-20
+1.901703174100000615e+04   +4.725130126735703441e-05   +1.371295828870060879e-20   +4.725130126743786846e-05   +1.371295828870060879e-20   -1.005038949395774405e-16   -9.653757985160800079e-30   +4.725130126733736291e-05   +1.371295827904685184e-20
+2.067068667500000447e+04   +4.725130126740131729e-05   +1.199883850261303231e-20   +4.725130126743786846e-05   +1.371295828870060879e-20   +2.744470958814623207e-20   +1.486207931477196873e-32   +4.725130126743789556e-05   +1.371295828871547155e-20
