# Original data was compressed by a factor of 5000; data points taken in the publication are the last data points, those are identical with the original data 
# t                         j_E_dir                     j_ortho                     j_intra_E_dir               j_intra_ortho               dtP_E_dir                   dtP_ortho                   j_intra_plus_dtP_E_dir      j_intra_plus_dtP_ortho     
-2.067068667499999719e+04   +1.302580795687012519e-19   +1.036936660719644981e-20   +1.298550514525231294e-19   +1.036936660719644981e-20   +2.765635642670417857e-26   +5.413489443692170097e-39   +1.298550791088795623e-19   +1.036936660719644981e-20
-1.901703174099999887e+04   +1.302580795687012519e-19   +1.036936660719644981e-20   +1.298550514525231294e-19   +1.036936660719644981e-20   -2.459882456293798395e-41   +6.875325121542316276e-57   +1.298550514525231294e-19   +1.036936660719644981e-20
-1.736337680699999692e+04   +1.302580795687012519e-19   +1.036936660719644981e-20   +1.298550514525231294e-19   +1.036936660719644981e-20   -2.718886143943666934e-35   +1.103524934713011553e-50   +1.298550514525231053e-19   +1.036936660719644981e-20
-1.570972187299999678e+04   +1.302580795590731670e-19   +1.036936660719644981e-20   +1.298550514525231294e-19   +1.036936660719644981e-20   -8.196498930755606077e-30   +3.694771094686880794e-44   +1.298550514443266363e-19   +1.036936660719644981e-20
-1.405606693899999664e+04   +1.302572724025406998e-19   +1.036936660719644981e-20   +1.298550514525231294e-19   +1.036936660719644981e-20   -6.710116207535213058e-25   -1.972626072774444705e-40   +1.298543804409023718e-19   +1.036936660719644981e-20
-1.240241200499999650e+04   +2.984118675900299470e-21   +1.140630326791609705e-20   +2.317411668024323847e-20   +1.140630326791609555e-20   -1.482760388318019615e-20   -1.217941031693296657e-36   +8.346512797063042313e-21   +1.140630326791609404e-20
-1.074875707099999636e+04   -9.526946291329723072e-16   +9.332429946486241137e-21   -8.309041521441706750e-16   +1.140630326791609555e-20   -8.767075323344169143e-17   -1.667806943132097645e-32   -9.185749053776122925e-16   +1.140630326789941820e-20
-9.095102136999996219e+03   -1.999224379293057826e-12   +1.036936662498303577e-20   -1.798873511681192972e-12   +1.140630326791609555e-20   -1.368555592171501403e-13   -8.264648915429870203e-28   -1.935729070898343087e-12   +1.140630244145120353e-20
-7.441447202999996080e+03   -1.169526873365792854e-09   +9.332438550121375415e-21   -1.082643234399551386e-09   +9.332429946467374547e-21   -5.516013078496378669e-11   -1.887167436792514898e-25   -1.137803365184515185e-09   +9.332241229723695166e-21
-5.787792268999995940e+03   -1.911287703801182143e-07   +1.037048727796400491e-20   -1.814396087340793530e-07   +9.332429761058080745e-21   -5.506259639082561593e-09   +3.258081631277464165e-23   -1.869458683731619096e-07   +9.365010577370855440e-21
-4.134137334999995801e+03   -8.679583768925490505e-06   +1.040683404513260855e-20   -8.373708477377544732e-06   +1.036911344883201641e-20   -1.649142482603232314e-07   -1.354848269233411750e-22   -8.538622725637867513e-06   +1.023362862190867599e-20
-2.480482400999997481e+03   -6.668128635463760063e-05   -1.844613106608306044e-20   -6.111530312359253806e-05   -1.975040295964448689e-20   -6.400906899645484133e-07   -5.091167688319360194e-20   -6.175539381355708965e-05   -7.066207984283808883e-20
-8.268274669999955222e+02   -2.625359479689946362e-04   -3.084886565640943763e-20   -2.571034199694043130e-04   -3.110809982158935095e-20   +7.042279494696760882e-07   -2.374735181056348322e-20   -2.563991920199346574e-04   -5.485545163215284019e-20
+8.268274670000027982e+02   -2.313464515608889183e-04   -3.357082439079850336e-20   -2.328835974166995788e-04   -4.361614829152006905e-20   +1.214229987578844310e-07   +2.546349295159247094e-20   -2.327621744179416969e-04   -1.815265533992759812e-20
+2.480482401000004756e+03   +1.061033822426022321e-04   -1.911851968201845345e-20   +1.054467263786054238e-04   -1.672060365410427636e-20   -1.277628349316011243e-07   +3.979120476148568913e-20   +1.053189635436738278e-04   +2.307060110738141277e-20
+4.134137335000003077e+03   +1.960318490940278567e-04   +1.976660509496823222e-21   +1.960200645656562173e-04   -6.480854129497781134e-23   -1.372322577690928401e-07   +1.506024841647874155e-22   +1.958828323078871134e-04   +8.579394286980960418e-23
+5.787792269000005035e+03   +2.046907668856412196e-04   +6.156811423022892312e-21   +2.046921825873162495e-04   +2.073873321439289963e-21   -5.717957073864038107e-09   +2.103794231622149862e-23   +2.046864646302423870e-04   +2.094911263755511632e-21
+7.441447203000003356e+03   +2.048804322601113076e-04   +2.073873321439289963e-21   +2.048804510513371258e-04   +4.147746642878579926e-21   -5.210108318180800238e-11   +1.025281061462120909e-24   +2.048803989502539396e-04   +4.148771923940042403e-21
+9.095102137000005314e+03   +2.048815792647329880e-04   +4.082938101583602350e-21   +2.048815791461703305e-04   +2.041469050791801175e-21   +6.575805875420881874e-14   +2.991890756672547169e-26   +2.048815792119283849e-04   +2.041498969699367906e-21
+1.074875707100000363e+04   +2.048815810343144583e-04   +4.115342372231090762e-21   +2.048815810228143258e-04   +2.041469050791801175e-21   +1.288142237207171809e-14   +2.429405009672442673e-27   +2.048815810356957590e-04   +2.041471480196810880e-21
+1.240241200500000559e+04   +2.048815810235936233e-04   +8.295493285757159852e-21   +2.048815810236815792e-04   +6.189215693670380724e-21   -2.967009512884113942e-18   -9.927877786903194781e-29   +2.048815810236786247e-04   +6.189215594391602803e-21
+1.405606693900000391e+04   +2.048815810236787873e-04   +6.221619964317869889e-21   +2.048815810236817147e-04   +2.106277592086778751e-21   -2.117841449404937294e-18   +1.049361991583060331e-30   +2.048815810236796005e-04   +2.106277593136140865e-21
+1.570972187300000223e+04   +2.048815810236814978e-04   +6.221619964317869889e-21   +2.048815810236817147e-04   +2.106277592086778751e-21   -2.485079809330616793e-19   +6.273359800942073207e-32   +2.048815810236814707e-04   +2.106277592149512534e-21
+1.736337680700000783e+04   +2.048815810236817689e-04   +6.221619964317869889e-21   +2.048815810236817147e-04   +2.106277592086778751e-21   +1.062998056377725443e-20   +1.069322693487662512e-32   +2.048815810236817147e-04   +2.106277592097471800e-21
+1.901703174100000615e+04   +2.048815810236817689e-04   +6.221619964317869889e-21   +2.048815810236817147e-04   +2.106277592086778751e-21   -1.891025793635633094e-21   +5.792164589722671029e-34   +2.048815810236817147e-04   +2.106277592087358035e-21
+2.067068667500000447e+04   +2.048815810236817689e-04   +4.147746642878579926e-21   +2.048815810236817147e-04   +2.106277592086778751e-21   +2.770956839420995809e-26   +5.346656240683628307e-39   +2.048815810236817147e-04   +2.106277592086778751e-21
