# Original data was compressed by a factor of 5000; data points taken in the publication are the last data points, those are identical with the original data 
# t                         j_E_dir                     j_ortho                     j_intra_E_dir               j_intra_ortho               dtP_E_dir                   dtP_ortho                   j_intra_plus_dtP_E_dir      j_intra_plus_dtP_ortho     
-2.067068667499999719e+04   +1.768271910189073403e-20   +1.199883850261303231e-20   +1.774507355699987503e-20   +1.199883850261303231e-20   +2.635296899887959538e-51   -5.181224412871984480e-68   +1.774507355699987503e-20   +1.199883850261303231e-20
-1.901703174099999887e+04   +1.768271910189073403e-20   +1.199883850261303231e-20   +1.774507355699987503e-20   +1.199883850261303231e-20   -2.874967224611485364e-42   +2.052082652052877408e-57   +1.774507355699987503e-20   +1.199883850261303231e-20
-1.736337680699999692e+04   +1.768271910189072500e-20   +1.199883850261303231e-20   +1.774507355699987503e-20   +1.199883850261303231e-20   -3.190770453808114139e-36   +9.100715038755944515e-51   +1.774507355699987202e-20   +1.199883850261303231e-20
-1.570972187299999678e+04   +1.768271909978148865e-20   +1.199883850261303231e-20   +1.774507355699987503e-20   +1.199883850261303231e-20   -9.665020248190225103e-31   -1.137574089550560247e-45   +1.774507355603337417e-20   +1.199883850261303231e-20
-1.405606693899999664e+04   +1.768253380476378437e-20   +1.199883850261303231e-20   +1.774507355699987503e-20   +1.199883850261303231e-20   -7.956052260889068437e-26   +8.656928529665850105e-41   +1.774499399647726540e-20   +1.199883850261303231e-20
-1.240241200499999650e+04   -4.424379894735977926e-21   +1.199883850261303231e-20   +4.486172877651078173e-22   +1.028471871652545584e-20   -1.769292026816514352e-21   +6.692016241988546029e-36   -1.320674739051406628e-21   +1.028471871652546186e-20
-1.074875707099999636e+04   -1.646081333185622012e-16   +1.028471871652545584e-20   -1.334983732861581909e-16   +1.028471871652545584e-20   -1.053812687495825582e-17   -1.837037667388063880e-33   -1.440365001611164421e-16   +1.028471871652361868e-20
-9.095102136999996219e+03   -3.441520422724538523e-13   +1.114177860956924483e-20   -2.890114475665704243e-13   +1.028471871652545584e-20   -1.658954136649172170e-14   +9.477590131731101372e-29   -3.056009889330621334e-13   +1.028471881130135764e-20
-7.441447202999996080e+03   -2.001130412385966662e-10   +1.114177860956924483e-20   -1.739401169482190418e-10   +1.114177860956924483e-20   -6.752044429801754481e-12   +1.836386112727213477e-26   -1.806921613780207890e-10   +1.114179697343037280e-20
-5.787792268999995940e+03   -3.237609522992464380e-08   +1.199883850261303231e-20   -2.910849538034198400e-08   +1.285589839565682130e-20   -6.817104856356540821e-10   +5.041578570156512689e-25   -2.979020586597763974e-08   +1.285640255351383685e-20
-4.134137334999995801e+03   -1.463495504880808007e-06   +1.114177860956924483e-20   -1.359852411485535539e-06   +1.114177860956924483e-20   -1.559562878017430741e-08   +2.024539786609594456e-22   -1.375448040265709771e-06   +1.134423258823020484e-20
-2.480482400999997481e+03   -1.706452967882443679e-05   +9.427658823481668354e-21   -1.599693736755387126e-05   +9.427658823481668354e-21   -1.597093484659789328e-07   -2.591410926860280602e-21   -1.615664671601985030e-05   +6.836247896621387751e-21
-8.268274669999955222e+02   -3.278956492506780582e-05   +3.428239572175152197e-21   -3.078357426229810768e-05   +3.428239572175152197e-21   +1.131536478435143048e-07   +1.425276009773154256e-20   -3.067042061445459148e-05   +1.768099966990669551e-20
+8.268274670000027982e+02   -2.763957067664974242e-05   +3.428239572175152197e-21   -2.932695719102649688e-05   +3.428239572175152197e-21   +1.132523480298971188e-07   +7.774232780580843312e-21   -2.921370484299660024e-05   +1.120247235275599626e-20
+2.480482401000004756e+03   -6.661049204218330178e-07   +6.856479144350304394e-21   -1.554470976921095883e-06   +1.199883850261303231e-20   -1.553412343674532584e-07   +0.000000000000000000e+00   -1.709812211288549035e-06   +1.199883850261303231e-20
+4.134137335000003077e+03   +1.460376457740489147e-05   +8.570598930437880869e-21   +1.452629533713179459e-05   +1.028471871652545584e-20   -1.632686835134927859e-08   +3.036809679914391919e-23   +1.450996846878044468e-05   +1.031508681332459946e-20
+5.787792269000005035e+03   +1.591906786789958476e-05   +1.028471871652545584e-20   +1.591694326460021543e-05   +1.028471871652545584e-20   -7.507528280486360709e-10   -1.265337366630996388e-24   +1.591619251177216689e-05   +1.028345337915882536e-20
+7.441447203000003356e+03   +1.594715263428384867e-05   +1.371295828870060879e-20   +1.594713793333600571e-05   +8.570598930437880869e-21   -7.752155186474045228e-12   -2.965634453041398358e-26   +1.594713018118081894e-05   +8.570569274093350808e-21
+9.095102137000005314e+03   +1.594731916816709996e-05   +8.570598930437880869e-21   +1.594731914170737294e-05   +1.028471871652545584e-20   -1.979859227340403037e-14   -5.792254791096481168e-29   +1.594731912190878079e-05   +1.028471865860290813e-20
+1.074875707100000363e+04   +1.594731944316967858e-05   +1.028471871652545584e-20   +1.594731944315717976e-05   +8.570598930437880869e-21   -1.304527810482566535e-17   -1.885499606476718765e-32   +1.594731944314413546e-05   +8.570598930419026316e-21
+1.240241200500000559e+04   +1.594731944329647603e-05   +1.028471871652545584e-20   +1.594731944329648958e-05   +8.570598930437880869e-21   -2.267431713361726073e-21   -1.150817630906200418e-36   +1.594731944329648619e-05   +8.570598930437879364e-21
+1.405606693900000391e+04   +1.594731944329649297e-05   +1.199883850261303231e-20   +1.594731944329650652e-05   +1.028471871652545584e-20   -1.053498238168120625e-25   +7.024033391761477162e-41   +1.594731944329650652e-05   +1.028471871652545584e-20
+1.570972187300000223e+04   +1.594731944329649297e-05   +1.199883850261303231e-20   +1.594731944329650652e-05   +1.028471871652545584e-20   -1.319689831349084202e-30   -1.607673658392672391e-45   +1.594731944329650652e-05   +1.028471871652545584e-20
+1.736337680700000783e+04   +1.594731944329649297e-05   +1.199883850261303231e-20   +1.594731944329650652e-05   +1.028471871652545584e-20   -4.483285988037858745e-36   -8.177051078250488688e-51   +1.594731944329650652e-05   +1.028471871652545584e-20
+1.901703174100000615e+04   +1.594731944329649297e-05   +1.199883850261303231e-20   +1.594731944329650652e-05   +1.028471871652545584e-20   -4.147958338260968189e-42   +5.848682697952144340e-57   +1.594731944329650652e-05   +1.028471871652545584e-20
+2.067068667500000447e+04   +1.594731944329649297e-05   +1.199883850261303231e-20   +1.594731944329650652e-05   +1.028471871652545584e-20   +2.642753755814832158e-51   -2.974817651255858569e-68   +1.594731944329650652e-05   +1.028471871652545584e-20
