# Original data was compressed by a factor of 5000; data points taken in the publication are the last data points, those are identical with the original data 
# t                         j_E_dir                     j_ortho                     j_intra_E_dir               j_intra_ortho               dtP_E_dir                   dtP_ortho                   j_intra_plus_dtP_E_dir      j_intra_plus_dtP_ortho     
-2.067068667499999719e+04   +1.768271910189073403e-20   +1.199883850261303231e-20   +1.774507355699987503e-20   +1.199883850261303231e-20   +2.137561250443767364e-52   -2.992826134508771007e-69   +1.774507355699987503e-20   +1.199883850261303231e-20
-1.901703174099999887e+04   +1.768271910189073403e-20   +1.199883850261303231e-20   +1.774507355699987503e-20   +1.199883850261303231e-20   -2.283667640415738722e-43   +2.713930613782359710e-58   +1.774507355699987503e-20   +1.199883850261303231e-20
-1.736337680699999692e+04   +1.768271910189073403e-20   +1.199883850261303231e-20   +1.774507355699987503e-20   +1.199883850261303231e-20   -2.534519061983793377e-37   +6.038555669573844162e-52   +1.774507355699987503e-20   +1.199883850261303231e-20
-1.570972187299999678e+04   +1.768271910172321423e-20   +1.199883850261303231e-20   +1.774507355699987503e-20   +1.199883850261303231e-20   -7.677198472319552675e-32   -3.684675190393138039e-47   +1.774507355692310265e-20   +1.199883850261303231e-20
-1.405606693899999664e+04   +1.768270438321675933e-20   +1.199883850261303231e-20   +1.774507355699987503e-20   +1.199883850261303231e-20   -6.319716947765656451e-27   +1.044357144391136554e-41   +1.774506723728292757e-20   +1.199883850261303231e-20
-1.240241200499999650e+04   +1.565974241810333193e-20   +1.199883850261303231e-20   +1.621969108134332893e-20   +1.199883850261303231e-20   -1.405398612372831454e-22   +5.371323703230642649e-38   +1.607915122010604583e-20   +1.199883850261303231e-20
-1.074875707099999636e+04   -1.305872601450542267e-17   +1.114177860956924483e-20   -1.058771951972830808e-17   +1.028471871652545584e-20   -8.370731717885765268e-19   -3.684565772546932449e-33   -1.142479269151688423e-17   +1.028471871652177099e-20
-9.095102136999996219e+03   -2.733695194910853812e-14   +1.114177860956924483e-20   -2.295697895370030072e-14   +1.028471871652545584e-20   -1.317754110853092341e-15   +5.953262643362455276e-30   -2.427473306455339366e-14   +1.028471872247871895e-20
-7.441447202999996080e+03   -1.589554382593669170e-11   +1.199883850261303231e-20   -1.381655455115888199e-11   +1.199883850261303231e-20   -5.363339532392095478e-13   -4.201124096931923267e-27   -1.435288850439809123e-11   +1.199883430148893494e-20
-5.787792268999995940e+03   -2.571553848281590039e-09   +1.199883850261303231e-20   -2.311999352459017790e-09   +1.114177860956924483e-20   -5.415008778921542020e-11   +2.425024005865724612e-25   -2.366149440248233314e-09   +1.114202111196983086e-20
-4.134137334999995801e+03   -1.158902651884127606e-07   +1.028471871652545584e-20   -1.076714858034513262e-07   +1.028471871652545584e-20   -1.232925926354713544e-09   +4.903182295695111279e-24   -1.089044117298060381e-07   +1.028962189882115028e-20
-2.480482400999997481e+03   -1.457539829116284894e-06   +1.114177860956924483e-20   -1.397386889355080168e-06   +1.114177860956924483e-20   -4.480538326226892691e-09   +1.012269893304797228e-22   -1.401867427681307116e-06   +1.124300559889972408e-20
-8.268274669999955222e+02   -5.061873818722787907e-06   +1.199883850261303231e-20   -4.996224792338819803e-06   +1.028471871652545584e-20   +5.521210342755097568e-09   +8.098159146438376883e-23   -4.990703581996064683e-06   +1.036570030798983984e-20
+8.268274670000027982e+02   -4.921567060401679931e-06   +1.028471871652545584e-20   -4.995976707758316833e-06   +1.114177860956924483e-20   +6.041441435182330105e-09   -8.098159146438376883e-23   -4.989935266323134698e-06   +1.106079701810486082e-20
+2.480482401000004756e+03   -1.342052783551751717e-06   +1.114177860956924483e-20   -1.395463700824917610e-06   +1.114177860956924483e-20   -4.473679564869430604e-09   -1.214723871965756767e-22   -1.399937380389786986e-06   +1.102030622237266882e-20
+4.134137335000003077e+03   -9.892707815028847490e-08   +8.570598930437880869e-21   -1.052087438203331123e-07   +1.114177860956924483e-20   -1.321262452078961720e-09   -5.852185320668359121e-24   -1.065300062724120794e-07   +1.113592642424857640e-20
+5.787792269000005035e+03   +3.658072017084844674e-10   +1.199883850261303231e-20   +1.936358843252093845e-10   +1.114177860956924483e-20   -6.083940834233187680e-11   -1.950059113002481681e-26   +1.327964759828775206e-10   +1.114175910897811509e-20
+7.441447203000003356e+03   +2.493945995634167634e-09   +1.114177860956924483e-20   +2.492754496120263076e-09   +1.114177860956924483e-20   -6.282737862003483750e-13   +5.678823134770841079e-27   +2.492126222334062845e-09   +1.114178428839237971e-20
+9.095102137000005314e+03   +2.506555855269458550e-09   +1.114177860956924483e-20   +2.506553710340394725e-09   +1.114177860956924483e-20   -1.604879707360208140e-15   -4.925867721920428237e-30   +2.506552105460687450e-09   +1.114177860464337656e-20
+1.074875707100000363e+04   +2.506576667091662844e-09   +1.028471871652545584e-20   +2.506576666075618700e-09   +1.114177860956924483e-20   -1.057629773008187733e-18   +5.214354685635994822e-33   +2.506576665017988877e-09   +1.114177860957445989e-20
+1.240241200500000559e+04   +2.506576676683588429e-09   +1.199883850261303231e-20   +2.506576676683138030e-09   +1.285589839565682130e-20   -1.838556055762942153e-22   -6.030835070166404730e-37   +2.506576676682953982e-09   +1.285589839565682130e-20
+1.405606693900000391e+04   +2.506576676684925980e-09   +1.114177860956924483e-20   +2.506576676685173721e-09   +1.114177860956924483e-20   -8.543358191925435246e-27   -1.774871718865510222e-41   +2.506576676685173721e-09   +1.114177860956924483e-20
+1.570972187300000223e+04   +2.506576676684925980e-09   +1.114177860956924483e-20   +2.506576676685173721e-09   +1.114177860956924483e-20   -1.070306413345114854e-31   +1.915392444569394975e-46   +2.506576676685173721e-09   +1.114177860956924483e-20
+1.736337680700000783e+04   +2.506576676684925980e-09   +1.114177860956924483e-20   +2.506576676685173721e-09   +1.114177860956924483e-20   -3.636327495653240763e-37   +1.119453464875234865e-51   +2.506576676685173721e-09   +1.114177860956924483e-20
+1.901703174100000615e+04   +2.506576676684925980e-09   +1.114177860956924483e-20   +2.506576676685173721e-09   +1.114177860956924483e-20   -3.364493305540171822e-43   -6.044781108723325839e-59   +2.506576676685173721e-09   +1.114177860956924483e-20
+2.067068667500000447e+04   +2.506576676684925980e-09   +1.114177860956924483e-20   +2.506576676685173721e-09   +1.114177860956924483e-20   +2.143625619450557375e-52   -2.594613295681531586e-69   +2.506576676685173721e-09   +1.114177860956924483e-20
