# Original data was compressed by a factor of 5000; data points taken in the publication are the last data points, those are identical with the original data 
# t                         j_E_dir                     j_ortho                     j_intra_E_dir               j_intra_ortho               dtP_E_dir                   dtP_ortho                   j_intra_plus_dtP_E_dir      j_intra_plus_dtP_ortho     
-2.067068667499999719e+04   +1.302580795687012519e-19   +1.036936660719644981e-20   +1.298550514525231294e-19   +1.036936660719644981e-20   +4.115196075276439263e-32   +8.939093807574477732e-45   +1.298550514525642720e-19   +1.036936660719644981e-20
-1.984385920799999803e+04   +1.302580795687012519e-19   +1.036936660719644981e-20   +1.298550514525231294e-19   +1.036936660719644981e-20   -1.541734899126899788e-45   +3.825894326355547574e-60   +1.298550514525231294e-19   +1.036936660719644981e-20
-1.901703174099999887e+04   +1.302580795687012519e-19   +1.036936660719644981e-20   +1.298550514525231294e-19   +1.036936660719644981e-20   +2.757139316023268382e-42   -4.132339937202831013e-57   +1.298550514525231294e-19   +1.036936660719644981e-20
-1.819020427399999608e+04   +1.302580795687012519e-19   +1.036936660719644981e-20   +1.298550514525231294e-19   +1.036936660719644981e-20   -3.573628256216279826e-39   +2.350843643221177886e-54   +1.298550514525231294e-19   +1.036936660719644981e-20
-1.736337680699999692e+04   +1.302580795687012519e-19   +1.036936660719644981e-20   +1.298550514525231294e-19   +1.036936660719644981e-20   +3.356488054942061442e-36   -4.369355695258387848e-51   +1.298550514525231294e-19   +1.036936660719644981e-20
-1.653654933999999776e+04   +1.302580795686985556e-19   +1.036936660719644981e-20   +1.298550514525231294e-19   +1.036936660719644981e-20   -2.283998539997366912e-33   +7.023732218291533284e-48   +1.298550514525208423e-19   +1.036936660719644981e-20
-1.570972187299999678e+04   +1.302580795700726344e-19   +1.036936660719644981e-20   +1.298550514525231294e-19   +1.036936660719644981e-20   +1.125743861305899907e-30   +3.932135319422173809e-45   +1.298550514536488836e-19   +1.036936660719644981e-20
-1.488289440599999580e+04   +1.302580790732570737e-19   +1.036936660719644981e-20   +1.298550514525231294e-19   +1.036936660719644981e-20   -4.017882432220611779e-28   -1.032829482082190549e-43   +1.298550510507348781e-19   +1.036936660719644981e-20
-1.405606693899999664e+04   +1.302582092959526450e-19   +1.036936660719644981e-20   +1.298550514525231294e-19   +1.036936660719644981e-20   +1.038081564392449188e-25   +1.825725218266926429e-41   +1.298551552606795792e-19   +1.036936660719644981e-20
-1.322923947199999748e+04   +1.302010587487318173e-19   +1.036936660719644981e-20   +1.297902429112281300e-19   +1.036936660719644981e-20   -1.940795796620698238e-23   -4.161674145390180467e-38   +1.297708349532619254e-19   +1.036936660719644981e-20
-1.240241200499999650e+04   +1.458975317705266533e-19   +9.332429946476804081e-21   +1.417332419117432752e-19   +1.036936660719644981e-20   +2.624528328961707999e-21   +2.015025276544085715e-35   +1.443577702407049761e-19   +1.036936660719646937e-20
-1.157558453799999734e+04   -1.558828244268196768e-18   +9.332429946476828155e-21   -1.194639132259853927e-18   +1.036936660719644981e-20   -2.565757257828946946e-19   +1.010949465628802523e-33   -1.451214858042748718e-18   +1.036936660719746093e-20
-1.074875707099999636e+04   +1.284465615683311361e-16   +1.036936660719461717e-20   +1.021500937028368180e-16   +1.140630326791609555e-20   +1.812154686697858292e-17   -1.202037368839252670e-31   +1.202716405698154132e-16   +1.140630326779589194e-20
-9.921929603999997198e+03   -7.064386704776783327e-15   +1.036936660729680732e-20   -5.689834482247495865e-15   +1.036936660719644981e-20   -9.239488780815667586e-16   +6.663007080339807138e-30   -6.613783360329062426e-15   +1.036936661385945724e-20
-9.095102136999996219e+03   +2.813867917994304589e-13   +1.036936660323808149e-20   +2.293827447660648080e-13   +1.036936660719644981e-20   +3.397406032605322677e-14   +1.014678584301857331e-28   +2.633568050921180158e-13   +1.036936670866430817e-20
-8.268274669999997059e+03   -8.095951031481576685e-12   +1.140630337931961283e-20   -6.672444710572492352e-12   +1.036936660719644831e-20   -8.998084080989600775e-13   -5.895317148655854361e-27   -7.572253118671453136e-12   +1.036936071187929967e-20
-7.441447202999996080e+03   +1.678981996534530487e-10   +9.332427477142238146e-21   +1.397187901540248261e-10   +1.036936660719586000e-20   +1.713758628554696817e-11   -5.324973940532553678e-26   +1.568563764395717814e-10   +1.036931335745645453e-20
-6.614619735999996919e+03   -2.502359674209280610e-09   +9.332465658895616001e-21   -2.099160893624995838e-09   +9.332429946295732059e-21   -2.342076450874624743e-10   -1.121844265486158496e-24   -2.333368538712458106e-09   +9.331308102030246629e-21
-5.787792268999995940e+03   +2.669228520101845784e-08   +1.036896571646370886e-20   +2.252513911765507949e-08   +1.140630324473875494e-20   +2.289820625085162847e-09   -1.240697305441188157e-23   +2.481495974274024317e-08   +1.139389627168434258e-20
-4.960964801999996780e+03   -2.027944443393900664e-07   +9.335721994114302131e-21   -1.717083671409443759e-07   +9.332428463127012884e-21   -1.594937053504850288e-08   +1.818289978912597606e-22   -1.876577376759928787e-07   +9.514257461018271963e-21
-4.134137334999995801e+03   +1.101060410927136104e-06   +1.034924051722398673e-20   +9.335775129673280373e-07   +9.331132509859082513e-21   +7.905784116317881729e-08   -1.997348701994877617e-22   +1.012635354130506788e-06   +9.131397639659594328e-21
-3.307309867999996641e+03   -4.098185030178159943e-06   +9.402807971789320291e-21   -3.434227499958775646e-06   +1.036430343990778024e-20   -2.991608975754290383e-07   -1.312748464257232179e-21   -3.733388397534204896e-06   +9.051554975650547313e-21
-2.480482400999997481e+03   +1.084387955853029029e-05   +3.888512477698668869e-21   +8.809305379846444061e-06   +8.283341684264351979e-21   +1.123073933718809401e-06   -5.554112452857420428e-21   +9.932379313565253674e-06   +2.729229231406931552e-21
-1.653654933999994682e+03   -3.118754070010770513e-05   +4.504193620000957724e-21   -2.584365887875404621e-05   +9.073195781296894528e-22   -3.750993268167280004e-06   +5.062999091535298915e-20   -2.959465214692132579e-05   +5.153731049348267973e-20
-8.268274669999955222e+02   +5.077167465870257380e-05   +1.095264347885125026e-20   +4.433499933014551665e-05   -4.536597890648446888e-21   +1.946435753224255894e-06   -1.224721599307038991e-21   +4.628143508336976958e-05   -5.761319489955485690e-21
+3.637978807091712952e-12   -3.828999946919157835e-05   -4.147746642878579926e-21   -3.273470543338977140e-05   -4.925449138418313850e-21   -2.856234218332419352e-07   -5.555337174395620273e-20   -3.302032885522301339e-05   -6.047882088237451959e-20
+8.268274670000027982e+02   -1.148370358026003712e-05   -2.670111901353085771e-20   -1.431023571037296635e-05   -1.749830614964401028e-20   -2.153013007046212777e-07   +4.433492189491479984e-20   -1.452553701107758800e-05   +2.683661574527078955e-20
+1.653654934000005596e+03   +2.431296964319656678e-05   -1.697983781928418667e-20   +2.544459565879052357e-05   -9.202812863886848928e-21   +4.367481184649120248e-07   +2.069779502828895516e-20   +2.588134377725543692e-05   +1.149498216440210623e-20
+2.480482401000004756e+03   -1.695807082717518553e-05   -9.202812863886848928e-21   -1.727938448232779617e-05   -1.749830614964401028e-20   -2.993280266522379815e-07   -4.895824593229887974e-21   -1.757871250898003574e-05   -2.239413074287389751e-20
+3.307309868000003917e+03   +6.908001782318664465e-06   -1.762792323223396393e-20   +6.982135735273488475e-06   -2.579379943540117014e-20   +1.362280750897185253e-07   -2.910053337571449467e-21   +7.118363810363207000e-06   -2.870385277297262036e-20
+4.134137335000003077e+03   -1.874113966841873066e-06   -1.736868906705405363e-20   -1.884465585989474572e-06   -1.749830614964401028e-20   -3.910524179210812728e-08   +2.948899975831479047e-22   -1.923570827781582547e-06   -1.720341615206086116e-20
+4.960964802000002237e+03   +3.560767425928166909e-07   -1.762792323223396393e-20   +3.564589926063863870e-07   -2.579379943540117014e-20   +8.124034075506991584e-09   -6.413516021902167006e-23   +3.645830266818933571e-07   -2.585793459562019283e-20
+5.787792269000005035e+03   -4.027926697517514049e-08   -2.566418235281121348e-20   -4.015497221598809659e-08   -2.592341651799112378e-20   -1.186968998686196455e-09   -5.085934608557258287e-24   -4.134194121467429160e-08   -2.592850245259967976e-20
+6.614619736000004195e+03   +1.018388598100475226e-08   -1.736868906705405363e-20   +1.015672626732047628e-08   -1.749830614964401028e-20   +1.235215144494980732e-10   +2.178125351100961083e-25   +1.028024778176997458e-08   -1.749808833710890111e-20
+7.441447203000003356e+03   +5.579444107936511754e-09   -2.566418235281121348e-20   +5.582258009920187143e-09   -2.566418235281121348e-20   -9.157064078995805495e-12   -1.304309142749753280e-25   +5.573100945841191076e-09   -2.566431278372548987e-20
+8.268274670000002516e+03   +5.881544920522752025e-09   -1.736868906705405363e-20   +5.881363910099142447e-09   -1.736868906705405363e-20   +4.850623724523400699e-13   -2.050072998417069301e-27   +5.881848972471594653e-09   -1.736869111712705287e-20
+9.095102137000005314e+03   +5.867254737684810802e-09   -1.736868906705405363e-20   +5.867262127867109868e-09   -9.073195781296893776e-21   -1.798477667723697144e-14   +6.391502624703066023e-29   +5.867244143090432726e-09   -9.073195717381867708e-21
+9.921929604000004474e+03   +5.867742688561485801e-09   -2.566418235281121348e-20   +5.867742427079061593e-09   -1.749830614964401028e-20   +5.196757020955261454e-16   -2.524224439493625340e-29   +5.867742946754763615e-09   -1.749830617488625323e-20
+1.074875707100000363e+04   +5.867730587807345515e-09   -1.736868906705405363e-20   +5.867730592924160708e-09   -1.736868906705405363e-20   -1.015847481447742428e-17   -2.718737402241680393e-30   +5.867730582765686299e-09   -1.736868906977278962e-20
+1.157558453800000279e+04   +5.867730804260013458e-09   -1.775754031482392059e-20   +5.867730804076600219e-09   -2.566418235281121348e-20   +2.735152092305659172e-19   +1.559089237954799240e-32   +5.867730804350115760e-09   -2.566418235279562247e-20
+1.240241200500000559e+04   +5.867730801337703468e-09   -9.073195781296893776e-21   +5.867730801339926929e-09   -9.073195781296893776e-21   -3.813171743991580596e-21   -7.486190349460523914e-33   +5.867730801336113626e-09   -9.073195781304379324e-21
+1.322923947200000111e+04   +5.867730801374290493e-09   -2.579379943540117014e-20   +5.867730801367204037e-09   -1.736868906705405363e-20   -1.503708693029358503e-21   -7.240400377539052244e-34   +5.867730801365700223e-09   -1.736868906705477886e-20
+1.405606693900000391e+04   +5.867730801374712355e-09   -2.579379943540117014e-20   +5.867730801367203210e-09   -1.736868906705405363e-20   -2.880751377851778933e-22   -1.280172200799463837e-41   +5.867730801366915351e-09   -1.736868906705405363e-20
+1.488289440600000671e+04   +5.867730801374582488e-09   -2.579379943540117014e-20   +5.867730801367203210e-09   -1.736868906705405363e-20   -1.149157212315311228e-22   -2.506225048551892465e-35   +5.867730801367088232e-09   -1.736868906705407770e-20
+1.570972187300000223e+04   +5.867730801374582488e-09   -2.579379943540117014e-20   +5.867730801367203210e-09   -1.736868906705405363e-20   +2.826131849901455301e-23   +3.480868136343552305e-36   +5.867730801367231334e-09   -1.736868906705405062e-20
+1.653654934000000503e+04   +5.867730801374582488e-09   -2.579379943540117014e-20   +5.867730801367203210e-09   -1.736868906705405363e-20   -1.674150157285109586e-24   +9.572387392895182252e-37   +5.867730801367201555e-09   -1.736868906705405363e-20
+1.736337680700000783e+04   +5.867730801374582488e-09   -2.579379943540117014e-20   +5.867730801367203210e-09   -1.736868906705405363e-20   +3.456699507723469934e-25   +7.614399062115115512e-38   +5.867730801367203210e-09   -1.736868906705405363e-20
+1.819020427400000335e+04   +5.867730801374582488e-09   -2.579379943540117014e-20   +5.867730801367203210e-09   -1.736868906705405363e-20   -1.806461795242782701e-27   -1.228923706623270441e-49   +5.867730801367203210e-09   -1.736868906705405363e-20
+1.901703174100000615e+04   +5.867730801374582488e-09   -2.579379943540117014e-20   +5.867730801367203210e-09   -1.736868906705405363e-20   -4.548185219504525710e-28   -1.104767721138263110e-39   +5.867730801367203210e-09   -1.736868906705405363e-20
+1.984385920800000167e+04   +5.867730801374582488e-09   -2.579379943540117014e-20   +5.867730801367203210e-09   -1.736868906705405363e-20   +3.372596310351087616e-29   +1.062276654934407440e-41   +5.867730801367203210e-09   -1.736868906705405363e-20
+2.067068667500000447e+04   +5.867730801374582488e-09   -2.579379943540117014e-20   +5.867730801367203210e-09   -1.736868906705405363e-20   +4.120161439913347532e-32   +8.970962234695954475e-45   +5.867730801367203210e-09   -1.736868906705405363e-20
