# Original data was compressed by a factor of 5000; data points taken in the publication are the last data points, those are identical with the original data 
# t                         j_E_dir                     j_ortho                     j_intra_E_dir               j_intra_ortho               dtP_E_dir                   dtP_ortho                   j_intra_plus_dtP_E_dir      j_intra_plus_dtP_ortho     
-2.067068667499999719e+04   +1.768271910189073403e-20   +1.199883850261303231e-20   +1.774507355699987503e-20   +1.199883850261303231e-20   -2.525225469894853677e-36   +1.039976096044203878e-46   +1.774507355699987202e-20   +1.199883850261303231e-20
-1.984385920799999803e+04   +1.768271910189073403e-20   +1.199883850261303231e-20   +1.774507355699987503e-20   +1.199883850261303231e-20   -3.555785367493105189e-47   -3.796233093788098989e-62   +1.774507355699987503e-20   +1.199883850261303231e-20
-1.901703174099999887e+04   +1.768271910189073403e-20   +1.199883850261303231e-20   +1.774507355699987503e-20   +1.199883850261303231e-20   +6.364596019844028488e-44   -3.316122904983986150e-58   +1.774507355699987503e-20   +1.199883850261303231e-20
-1.819020427399999608e+04   +1.768271910189073403e-20   +1.199883850261303231e-20   +1.774507355699987503e-20   +1.199883850261303231e-20   -8.256614885127105599e-41   +2.712881962650801288e-55   +1.774507355699987503e-20   +1.199883850261303231e-20
-1.736337680699999692e+04   +1.768271910189073403e-20   +1.199883850261303231e-20   +1.774507355699987503e-20   +1.199883850261303231e-20   +7.761623781275046611e-38   +1.957120464473061629e-52   +1.774507355699987503e-20   +1.199883850261303231e-20
-1.653654933999999776e+04   +1.768271910189067083e-20   +1.199883850261303231e-20   +1.774507355699987503e-20   +1.199883850261303231e-20   -5.286062947703337550e-35   +4.236075082709709639e-50   +1.774507355699982086e-20   +1.199883850261303231e-20
-1.570972187299999678e+04   +1.768271910192236442e-20   +1.199883850261303231e-20   +1.774507355699987503e-20   +1.199883850261303231e-20   +2.607589606246251909e-32   -8.326535422608703546e-48   +1.774507355702595031e-20   +1.199883850261303231e-20
-1.488289440599999580e+04   +1.768271909044582010e-20   +1.199883850261303231e-20   +1.774507355699987503e-20   +1.199883850261303231e-20   -9.314383329175022448e-30   -1.278878158927453331e-44   +1.774507354768549101e-20   +1.199883850261303231e-20
-1.405606693899999664e+04   +1.768272210101753593e-20   +1.199883850261303231e-20   +1.774507355699987503e-20   +1.199883850261303231e-20   +2.408461392527546991e-27   -8.334863519495710803e-42   +1.774507596546126627e-20   +1.199883850261303231e-20
-1.322923947199999748e+04   +1.768214955974186516e-20   +1.199883850261303231e-20   +1.774507355699987503e-20   +1.199883850261303231e-20   -4.506439876752055223e-25   -8.114281323273237199e-40   +1.774462291301219835e-20   +1.199883850261303231e-20
-1.240241200499999650e+04   +1.801259523136684470e-20   +1.199883850261303231e-20   +1.787229338487356282e-20   +1.199883850261303231e-20   +6.098807628499161998e-23   +5.143383498403095342e-38   +1.793328146115855371e-20   +1.199883850261303231e-20
-1.157558453799999734e+04   -2.467387086982627921e-20   +1.199883850261303231e-20   -1.579032416226963376e-20   +1.199883850261303231e-20   -5.966833722717784393e-21   +5.968919783192666397e-35   -2.175715788498741740e-20   +1.199883850261309250e-20
-1.074875707099999636e+04   +3.226518050806190443e-18   +1.114177860956924483e-20   +2.615556800800382504e-18   +1.028471871652545584e-20   +4.217486290085726510e-19   -4.606304620698686298e-34   +3.037305429808955107e-18   +1.028471871652499542e-20
-9.921929603999997198e+03   -1.768422849415043003e-16   +1.114177860956924483e-20   -1.448672547724759257e-16   +1.114177860956924483e-20   -2.151952285377179346e-17   +1.414278792482860764e-31   -1.663867776262477130e-16   +1.114177860971067279e-20
-9.095102136999996219e+03   +7.051303468517339265e-15   +1.114177860956924483e-20   +5.840852872558951690e-15   +1.114177860956924483e-20   +7.918738776966229684e-16   -6.077698926464286683e-31   +6.632726750255574954e-15   +1.114177860896147550e-20
-8.268274669999997059e+03   -2.030551462849962580e-13   +1.114177860956924483e-20   -1.699023396963341623e-13   +1.028471871652545584e-20   -2.098853393914833272e-14   +1.811404880785049121e-28   -1.908908736354824856e-13   +1.028471889766594397e-20
-7.441447202999996080e+03   +4.214345590477332398e-12   +1.114177860956924483e-20   +3.557699248199363968e-12   +1.114177860956924483e-20   +4.000441525119082644e-13   -5.734261536950273357e-27   +3.957743400711272334e-12   +1.114177287530770793e-20
-6.614619735999996919e+03   -6.285188713928690626e-11   +1.199883850261303231e-20   -5.345151895650689979e-11   +1.114177860956924483e-20   -5.471332119284951681e-12   -3.163687331705712478e-26   -5.892285107579185793e-11   +1.114174697269592787e-20
-5.787792268999995940e+03   +6.707526811301806254e-10   +1.114177860956924483e-20   +5.735503390127851827e-10   +1.114177860956924483e-20   +5.353544081191591961e-11   +5.512681959846223956e-25   +6.270857798247010635e-10   +1.114232987776522900e-20
-4.960964801999996780e+03   -5.091716039061177312e-09   +1.285589839565682130e-20   -4.366315021130817955e-09   +1.285589839565682130e-20   -3.731542116490499880e-10   +2.824766816521931417e-24   -4.739469232779868305e-09   +1.285872316247334385e-20
-4.134137334999995801e+03   +2.725326028617201956e-08   +1.114177860956924483e-20   +2.335010125687637955e-08   +1.114177860956924483e-20   +1.840827603667254169e-09   -7.671107785200415831e-24   +2.519092886054363290e-08   +1.113410750178404442e-20
-3.307309867999996641e+03   -1.015094909685623658e-07   +1.028471871652545584e-20   -8.638625280620194011e-08   +1.199883850261303231e-20   -6.359955032265558791e-09   +1.898006049946494949e-24   -9.274620783846749725e-08   +1.200073650866297879e-20
-2.480482400999997481e+03   +2.575251154297729420e-07   +1.028471871652545584e-20   +2.153975304060818058e-07   +1.028471871652545584e-20   +1.510560549521391449e-08   -3.239263658575350753e-22   +2.305031359012957269e-07   +9.960792350667921328e-21
-1.653654933999994682e+03   -4.249778710015258148e-07   +1.199883850261303231e-20   -3.408210112953982060e-07   +1.199883850261303231e-20   -2.370080124752315517e-08   -2.328220754601033530e-22   -3.645218125429213777e-07   +1.176601642715292868e-20
-8.268274669999955222e+02   +4.067353918384185802e-07   +1.028471871652545584e-20   +2.867558447618185941e-07   +1.285589839565682130e-20   +2.178582802004960281e-08   -1.923312797279114686e-22   +3.085416727818681737e-07   +1.266356711592890967e-20
+3.637978807091712952e-12   -1.221871234041236050e-07   +1.114177860956924483e-20   -7.520390025382487000e-10   +1.199883850261303231e-20   -5.558778562882167644e-09   +1.700613420733352845e-21   -6.310817565420416758e-09   +1.369945192334638629e-20
+8.268274670000027982e+02   -1.990459511262326868e-07   +1.028471871652545584e-20   -2.862303861124208201e-07   +1.114177860956924483e-20   -1.200594831174345686e-08   -9.717790975726054140e-22   -2.982363344241642869e-07   +1.016999951199663979e-20
+1.653654934000005596e+03   +2.969866774750188601e-07   +1.114177860956924483e-20   +3.410508617341800476e-07   +1.114177860956924483e-20   +1.745705252103050519e-08   +4.453987530541107050e-22   +3.585079142552105528e-07   +1.158717736262335535e-20
+2.480482401000004756e+03   -2.003547837235681577e-07   +1.114177860956924483e-20   -2.156267276228381142e-07   +1.028471871652545584e-20   -1.241684747730781593e-08   +8.098159146438376883e-23   -2.280435751001459434e-07   +1.036570030798983984e-20
+3.307309868000003917e+03   +8.300870065756848131e-08   +1.199883850261303231e-20   +8.648209609370441997e-08   +1.285589839565682130e-20   +5.574769098863164630e-09   +4.555214519821480668e-23   +9.205686519256758211e-08   +1.290145054085503570e-20
+4.134137335000003077e+03   -2.291375391952307236e-08   +1.199883850261303231e-20   -2.337598052669815995e-08   +1.199883850261303231e-20   -1.683835313438883499e-09   -7.512940614371542293e-24   -2.505981584013704489e-08   +1.199132556199866091e-20
+4.960964802000002237e+03   +4.354026244616456026e-09   +1.028471871652545584e-20   +4.371251293568526577e-09   +1.028471871652545584e-20   +3.521449656711246423e-10   +4.287813146689021931e-24   +4.723396259239651375e-09   +1.028900652967214511e-20
+5.787792269000005035e+03   -5.797487264996732762e-10   +1.028471871652545584e-20   -5.741068949322391409e-10   +1.114177860956924483e-20   -5.177359764263338806e-11   -2.591068643217159232e-26   -6.258804925748725484e-10   +1.114175269888281239e-20
+6.614619736000004195e+03   +5.481040146224827014e-11   +9.427658823481668354e-21   +5.359215288363412622e-11   +1.114177860956924483e-20   +5.399027298440134793e-12   +2.058060530438830040e-26   +5.899118018207425698e-11   +1.114179919017454862e-20
+7.441447203000003356e+03   -3.607108520317146701e-12   +1.028471871652545584e-20   -3.480456281030913832e-12   +1.199883850261303231e-20   -4.015898236940417643e-13   -3.258143319991770517e-29   -3.882046104724955597e-12   +1.199883847003159848e-20
+8.268274670000002516e+03   +2.595565293671553476e-13   +1.199883850261303231e-20   +2.512901849498219521e-13   +1.114177860956924483e-20   +2.138636017587107348e-14   -1.267621385434298112e-28   +2.726765451256930224e-13   +1.114177848280710580e-20
+9.095102137000005314e+03   +7.498827219899484567e-14   +1.199883850261303231e-20   +7.535157564115775987e-14   +1.199883850261303231e-20   -8.176256218039076925e-16   +2.066978943600103079e-30   +7.453395001935385760e-14   +1.199883850468001105e-20
+9.921929604000004474e+03   +8.135501657214342916e-14   +1.114177860956924483e-20   +8.134395175010174458e-14   +1.199883850261303231e-20   +2.248099031068431128e-17   -2.395173718852457301e-31   +8.136643274041242260e-14   +1.199883850237351434e-20
+1.074875707100000363e+04   +8.119606747403200071e-14   +1.114177860956924483e-20   +8.119630489092016359e-14   +1.371295828870060879e-20   -4.454522892666183934e-19   +1.657177388504928923e-34   +8.119585943863090160e-14   +1.371295828870077430e-20
+1.157558453800000279e+04   +8.119894216305012598e-14   +1.114177860956924483e-20   +8.119893847814144281e-14   +1.285589839565682130e-20   +6.355520552003261140e-21   -2.272864821039745796e-34   +8.119894483366199284e-14   +1.285589839565659410e-20
+1.240241200500000559e+04   +8.119890459923749226e-14   +1.285589839565682130e-20   +8.119890477161503537e-14   +1.199883850261303231e-20   -6.515524998664460970e-23   -9.206541047350874401e-36   +8.119890470645978204e-14   +1.199883850261302329e-20
+1.322923947200000111e+04   +8.119890491475759529e-14   +1.285589839565682130e-20   +8.119890497011361847e-14   +1.199883850261303231e-20   +6.694664901783116582e-25   +2.085856955994544285e-36   +8.119890497078309001e-14   +1.199883850261303382e-20
+1.405606693900000391e+04   +8.119890491540069995e-14   +1.285589839565682130e-20   +8.119890497011361847e-14   +1.199883850261303231e-20   +3.442501653668875292e-26   -9.710023760877876180e-37   +8.119890497014803804e-14   +1.199883850261303081e-20
+1.488289440600000671e+04   +8.119890491541563151e-14   +1.285589839565682130e-20   +8.119890497011361847e-14   +1.199883850261303231e-20   +3.750235375413520310e-27   -2.742182636113517308e-37   +8.119890497011736713e-14   +1.199883850261303231e-20
+1.570972187300000223e+04   +8.119890491541563151e-14   +1.285589839565682130e-20   +8.119890497011361847e-14   +1.199883850261303231e-20   +5.323318292911616277e-28   -2.198522451597159431e-38   +8.119890497011414858e-14   +1.199883850261303231e-20
+1.653654934000000503e+04   +8.119890491541563151e-14   +1.285589839565682130e-20   +8.119890497011361847e-14   +1.199883850261303231e-20   +5.503502793006233022e-29   +8.955642574594394170e-40   +8.119890497011366895e-14   +1.199883850261303231e-20
+1.736337680700000783e+04   +8.119890491541563151e-14   +1.285589839565682130e-20   +8.119890497011361847e-14   +1.199883850261303231e-20   +3.773397496319319851e-30   -9.712921174438329702e-41   +8.119890497011361847e-14   +1.199883850261303231e-20
+1.819020427400000335e+04   +8.119890491541563151e-14   +1.285589839565682130e-20   +8.119890497011361847e-14   +1.199883850261303231e-20   +5.566972201751489829e-32   -2.277323326260216695e-41   +8.119890497011361847e-14   +1.199883850261303231e-20
+1.901703174100000615e+04   +8.119890491541563151e-14   +1.285589839565682130e-20   +8.119890497011361847e-14   +1.199883850261303231e-20   -5.331015345577324362e-32   -1.114653736497846939e-42   +8.119890497011361847e-14   +1.199883850261303231e-20
+1.984385920800000167e+04   +8.119890491541563151e-14   +1.285589839565682130e-20   +8.119890497011361847e-14   +1.199883850261303231e-20   -1.397447103432081531e-32   +4.544357541006632953e-43   +8.119890497011361847e-14   +1.199883850261303231e-20
+2.067068667500000447e+04   +8.119890491541563151e-14   +1.285589839565682130e-20   +8.119890497011361847e-14   +1.199883850261303231e-20   -2.513525519389660888e-36   +1.035603206201821775e-46   +8.119890497011361847e-14   +1.199883850261303231e-20
