# Original data was compressed by a factor of 5000; data points taken in the publication are the last data points, those are identical with the original data 
# t                         j_E_dir                     j_ortho                     j_intra_E_dir               j_intra_ortho               dtP_E_dir                   dtP_ortho                   j_intra_plus_dtP_E_dir      j_intra_plus_dtP_ortho     
-2.067068667499999719e+04   +1.768271910189073403e-20   +1.199883850261303231e-20   +1.774507355699987503e-20   +1.199883850261303231e-20   -2.417054923660103227e-38   -1.074541552893444986e-48   +1.774507355699987503e-20   +1.199883850261303231e-20
-1.984385920799999803e+04   +1.768271910189073403e-20   +1.199883850261303231e-20   +1.774507355699987503e-20   +1.199883850261303231e-20   -7.094724543877151723e-48   -3.777290171535055106e-62   +1.774507355699987503e-20   +1.199883850261303231e-20
-1.901703174099999887e+04   +1.768271910189073403e-20   +1.199883850261303231e-20   +1.774507355699987503e-20   +1.199883850261303231e-20   +1.269903858839661929e-44   -1.549332905124625582e-59   +1.774507355699987503e-20   +1.199883850261303231e-20
-1.819020427399999608e+04   +1.768271910189073403e-20   +1.199883850261303231e-20   +1.774507355699987503e-20   +1.199883850261303231e-20   -1.647411252950508147e-41   +2.267687253844230050e-56   +1.774507355699987503e-20   +1.199883850261303231e-20
-1.736337680699999692e+04   +1.768271910189073403e-20   +1.199883850261303231e-20   +1.774507355699987503e-20   +1.199883850261303231e-20   +1.548647543374413048e-38   +4.624650042423401335e-54   +1.774507355699987503e-20   +1.199883850261303231e-20
-1.653654933999999776e+04   +1.768271910189071898e-20   +1.199883850261303231e-20   +1.774507355699987503e-20   +1.199883850261303231e-20   -1.054708219410718552e-35   +2.398364903067700880e-50   +1.774507355699986299e-20   +1.199883850261303231e-20
-1.570972187299999678e+04   +1.768271910189703242e-20   +1.199883850261303231e-20   +1.774507355699987503e-20   +1.199883850261303231e-20   +5.202825274246697223e-33   -1.768435025598375164e-48   +1.774507355700507805e-20   +1.199883850261303231e-20
-1.488289440599999580e+04   +1.768271909960721306e-20   +1.199883850261303231e-20   +1.774507355699987503e-20   +1.199883850261303231e-20   -1.858463804387708629e-30   +1.105451366889130105e-45   +1.774507355514140981e-20   +1.199883850261303231e-20
-1.405606693899999664e+04   +1.768271970029518723e-20   +1.199883850261303231e-20   +1.774507355699987503e-20   +1.199883850261303231e-20   +4.805512253566430977e-28   -2.317090606208244550e-42   +1.774507403755110177e-20   +1.199883850261303231e-20
-1.322923947199999748e+04   +1.768260546329209256e-20   +1.199883850261303231e-20   +1.774507355699987503e-20   +1.199883850261303231e-20   -8.991529660756795733e-26   +4.700604125402646692e-40   +1.774498364170326752e-20   +1.199883850261303231e-20
-1.240241200499999650e+04   +1.772513827179580101e-20   +1.199883850261303231e-20   +1.774507355699987503e-20   +1.199883850261303231e-20   +1.216872102738650952e-23   +4.551770530994109002e-38   +1.775724227802726249e-20   +1.199883850261303231e-20
-1.157558453799999734e+04   +8.814526634106434188e-21   +1.199883850261303231e-20   +1.056008268606784608e-20   +1.285589839565682130e-20   -1.190539846662581672e-21   -1.691056017091237293e-36   +9.369542839405264786e-21   +1.285589839565681980e-20
-1.074875707099999636e+04   +6.582871802107137589e-19   +1.028471871652545584e-20   +5.361432738833769824e-19   +1.028471871652545584e-20   +8.414991458503291931e-20   -1.277677984616413315e-34   +6.202931884684099017e-19   +1.028471871652532794e-20
-9.921929603999997198e+03   -3.527034013499113375e-17   +1.199883850261303231e-20   -2.889043440909095215e-17   +1.028471871652545584e-20   -4.293709298623788671e-18   +2.496137773975685206e-32   -3.318414370771474159e-17   +1.028471871655041770e-20
-9.095102136999996219e+03   +1.406933803705662144e-15   +1.285589839565682130e-20   +1.165417250272235124e-15   +1.028471871652545584e-20   +1.579996106377148845e-16   +5.283565509788992863e-31   +1.323416860909949959e-15   +1.028471871705381215e-20
-8.268274669999997059e+03   -4.051481455960199137e-14   +1.114177860956924483e-20   -3.389996004630239942e-14   +1.028471871652545584e-20   -4.187763081523765569e-15   +6.251123448238364525e-29   -3.808772312782616736e-14   +1.028471877903668963e-20
-7.441447202999996080e+03   +8.408725081046465349e-13   +1.028471871652545584e-20   +7.098543381122389918e-13   +1.114177860956924483e-20   +7.981930218306127606e-14   +1.804307120981024532e-28   +7.896736402953002552e-13   +1.114177878999995706e-20
-6.614619735999996919e+03   -1.254060016649403330e-11   +1.028471871652545584e-20   -1.066498012818300244e-11   +1.114177860956924483e-20   -1.091674279016616163e-12   +8.613018767373846972e-27   -1.175665440719961941e-11   +1.114178722258801234e-20
-5.787792268999995940e+03   +1.338327515571296491e-10   +1.199883850261303231e-20   +1.144383345531938261e-10   +1.028471871652545584e-20   +1.068172474040669142e-11   +1.299275152827829314e-25   +1.251200592936005127e-10   +1.028484864404073813e-20
-4.960964801999996780e+03   -1.015929505475290735e-09   +1.028471871652545584e-20   -8.711929793464717979e-10   +1.028471871652545584e-20   -7.445404572175927494e-11   -1.850277870467859672e-24   -9.456470250682310470e-10   +1.028286843865498736e-20
-4.134137334999995801e+03   +5.437525367373398178e-09   +1.199883850261303231e-20   +4.658743641764377968e-09   +1.114177860956924483e-20   +3.672920174980692284e-10   -4.964966346800141038e-24   +5.026035659262447145e-09   +1.113681364322244522e-20
-3.307309867999996641e+03   -2.024322038395024977e-08   +1.285589839565682130e-20   -1.722578688548782895e-08   +1.114177860956924483e-20   -1.268894800188487195e-09   +7.117522687299354774e-24   -1.849468168567631614e-08   +1.114889613225654374e-20
-2.480482400999997481e+03   +5.124637096001702426e-08   +1.114177860956924483e-20   +4.284154798760421769e-08   +1.199883850261303231e-20   +3.012410795019905551e-09   +2.688841904090867490e-23   +4.585395878262412655e-08   +1.202572692165394098e-20
-1.653654933999994682e+03   -8.442615003682381034e-08   +1.199883850261303231e-20   -6.763329466028578212e-08   +1.114177860956924483e-20   -4.723946195576712924e-09   -2.277607259935793939e-23   -7.235724085586249918e-08   +1.111900253696988711e-20
-8.268274669999955222e+02   +8.087132344718007649e-08   +1.371295828870060879e-20   +5.687898679756113910e-08   +1.028471871652545584e-20   +4.388998763830897479e-09   +5.504217544844834985e-23   +6.126798556139203823e-08   +1.033976089197390366e-20
+3.637978807091712952e-12   -2.440951874045287277e-08   +1.199883850261303231e-20   -5.818076394735933377e-12   +1.199883850261303231e-20   -1.295170111938446955e-09   -6.073619359761974616e-23   -1.300988188333182959e-09   +1.193810230901541312e-20
+8.268274670000027982e+02   -3.931695725646455319e-08   +1.028471871652545584e-20   -5.687486156966593065e-08   +1.114177860956924483e-20   -2.209891308961551617e-09   +1.113496882635276763e-22   -5.908475287862748434e-08   +1.125312829783277246e-20
+1.653654934000005596e+03   +5.879548923814751364e-08   +1.114177860956924483e-20   +6.763510571548834031e-08   +1.285589839565682130e-20   +3.430786414722656839e-09   +1.265337366630996535e-23   +7.106589213021100128e-08   +1.286855176932313065e-20
+2.480482401000004756e+03   -3.979058464993657464e-08   +1.114177860956924483e-20   -4.284336067708887321e-08   +1.114177860956924483e-20   -2.474274832795238697e-09   -3.479677758235240765e-23   -4.531763550988411067e-08   +1.110698183198689226e-20
+3.307309868000003917e+03   +1.653285713367371440e-08   +1.285589839565682130e-20   +1.722654511287847910e-08   +1.028471871652545584e-20   +1.112928251380286574e-09   -2.688841904061290876e-24   +1.833947336425876485e-08   +1.028202987462139446e-20
+4.134137335000003077e+03   -4.566648287682168968e-09   +1.028471871652545584e-20   -4.658948435103084988e-09   +1.114177860956924483e-20   -3.362147533941777395e-10   -9.836020935920636989e-25   -4.995163188497262934e-09   +1.114079500747565218e-20
+4.960964802000002237e+03   +8.677924937534553688e-10   +1.028471871652545584e-20   +8.712319906229855702e-10   +1.114177860956924483e-20   +7.031460105894972496e-11   -1.003990830456723368e-25   +9.415465916819353210e-10   +1.114167821048619874e-20
+5.787792269000005035e+03   -1.155693496722696140e-10   +1.028471871652545584e-20   -1.144427811472433744e-10   +1.199883850261303231e-20   -1.033795264107727453e-11   -1.069467443991076466e-25   -1.247807337883206602e-10   +1.199873155586863271e-20
+6.614619736000004195e+03   +1.090931466073223825e-11   +1.028471871652545584e-20   +1.066604952427133012e-11   +1.114177860956924483e-20   +1.078063245596770592e-12   +1.243835807884912310e-26   +1.174411276986810011e-11   +1.114179104792732367e-20
+7.441447203000003356e+03   -7.345764991190664661e-13   +1.028471871652545584e-20   -7.092864751324508664e-13   +1.114177860956924483e-20   -8.018822727654832403e-14   -3.201881779390386066e-28   -7.894747024089992031e-13   +1.114177828938106692e-20
+8.268274670000002516e+03   +3.615128530779797981e-14   +1.028471871652545584e-20   +3.450061536232409877e-14   +1.199883850261303231e-20   +4.270405895336532652e-15   +5.532652429262555325e-30   +3.877102125766063379e-14   +1.199883850814568437e-20
+9.095102137000005314e+03   -6.388498225147409013e-16   +1.199883850261303231e-20   -5.663071608717079104e-16   +1.114177860956924483e-20   -1.632584803353582720e-16   -1.100140225711615225e-30   -7.295656412070661824e-16   +1.114177860846910399e-20
+9.921929604000004474e+03   +6.302629098627374911e-16   +1.199883850261303231e-20   +6.280531274755077902e-16   +9.427658823481668354e-21   +4.489248577565968943e-18   +5.920956711012402476e-32   +6.325423760530737784e-16   +9.427658823540878662e-21
+1.074875707100000363e+04   +5.985778266543298215e-16   +1.199883850261303231e-20   +5.986251146595415553e-16   +1.028471871652545584e-20   -8.892272286739177154e-20   -4.796032476801591231e-34   +5.985361919366741854e-16   +1.028471871652497586e-20
+1.157558453800000279e+04   +5.991512670297520783e-16   +1.199883850261303231e-20   +5.991504046286992542e-16   +1.199883850261303231e-20   +1.270156358079360090e-21   +2.096083948635893136e-35   +5.991516747850573706e-16   +1.199883850261305338e-20
+1.240241200500000559e+04   +5.991435408769900423e-16   +1.199883850261303231e-20   +5.991431996630312849e-16   +1.199883850261303231e-20   -1.309390303369898268e-23   +4.933962015763204938e-36   +5.991431865691282828e-16   +1.199883850261303683e-20
+1.322923947200000111e+04   +5.991436102828243346e-16   +1.199883850261303231e-20   +5.991432565776564482e-16   +1.199883850261303231e-20   +9.877852269092979634e-26   +8.106436937342753986e-37   +5.991432566764349483e-16   +1.199883850261303382e-20
+1.405606693900000391e+04   +5.991436102823475668e-16   +1.199883850261303231e-20   +5.991432565776564482e-16   +1.199883850261303231e-20   -2.935269813019060347e-28   -6.706195880858037672e-38   +5.991432565773628933e-16   +1.199883850261303231e-20
+1.488289440600000671e+04   +5.991436102823475668e-16   +1.199883850261303231e-20   +5.991432565776564482e-16   +1.199883850261303231e-20   +3.494552512345612764e-29   +3.454946424534673285e-39   +5.991432565776913553e-16   +1.199883850261303231e-20
+1.570972187300000223e+04   +5.991436102823475668e-16   +1.199883850261303231e-20   +5.991432565776564482e-16   +1.199883850261303231e-20   +4.027922851014342410e-30   -5.451171226925240232e-39   +5.991432565776604911e-16   +1.199883850261303231e-20
+1.653654934000000503e+04   +5.991436102823475668e-16   +1.199883850261303231e-20   +5.991432565776564482e-16   +1.199883850261303231e-20   +4.145736888733833615e-31   +4.003750478905151214e-40   +5.991432565776568426e-16   +1.199883850261303231e-20
+1.736337680700000783e+04   +5.991436102823475668e-16   +1.199883850261303231e-20   +5.991432565776564482e-16   +1.199883850261303231e-20   +3.246581294817926485e-32   +5.657269631016719065e-41   +5.991432565776564482e-16   +1.199883850261303231e-20
+1.819020427400000335e+04   +5.991436102823475668e-16   +1.199883850261303231e-20   +5.991432565776564482e-16   +1.199883850261303231e-20   +9.799977267170581639e-34   +9.224563506348890287e-42   +5.991432565776564482e-16   +1.199883850261303231e-20
+1.901703174100000615e+04   +5.991436102823475668e-16   +1.199883850261303231e-20   +5.991432565776564482e-16   +1.199883850261303231e-20   -3.001883679190669326e-34   +7.470658531425624577e-43   +5.991432565776564482e-16   +1.199883850261303231e-20
+1.984385920800000167e+04   +5.991436102823475668e-16   +1.199883850261303231e-20   +5.991432565776564482e-16   +1.199883850261303231e-20   -8.868392320841893052e-35   +6.220524795868639083e-44   +5.991432565776564482e-16   +1.199883850261303231e-20
+2.067068667500000447e+04   +5.991436102823475668e-16   +1.199883850261303231e-20   +5.991432565776564482e-16   +1.199883850261303231e-20   -2.410381725602065060e-38   -1.185789665726415819e-48   +5.991432565776564482e-16   +1.199883850261303231e-20
