# Original data was compressed by a factor of 5000; data points taken in the publication are the last data points, those are identical with the original data 
# t                         j_E_dir                     j_ortho                     j_intra_E_dir               j_intra_ortho               dtP_E_dir                   dtP_ortho                   j_intra_plus_dtP_E_dir      j_intra_plus_dtP_ortho     
-2.067068667499999719e+04   +2.389905373953889932e-21   -2.499758021377715379e-21   +2.058211407982506189e-21   -3.749637032066572880e-21   +4.441437193268509727e-36   +4.335654156621918585e-51   +2.058211407982510702e-21   -3.749637032066572880e-21
-1.963715234124999552e+04   +2.389905373953889932e-21   -2.499758021377715379e-21   +2.058211407982506189e-21   -3.749637032066572880e-21   +0.000000000000000000e+00   +0.000000000000000000e+00   +2.058211407982506189e-21   -3.749637032066572880e-21
-1.860361800749999747e+04   +2.389905373953889932e-21   -2.499758021377715379e-21   +2.058211407982506189e-21   -3.749637032066572880e-21   +0.000000000000000000e+00   +0.000000000000000000e+00   +2.058211407982506189e-21   -3.749637032066572880e-21
-1.757008367374999580e+04   +2.389905373953889932e-21   -2.499758021377715379e-21   +2.058211407982506189e-21   -3.749637032066572880e-21   +0.000000000000000000e+00   +0.000000000000000000e+00   +2.058211407982506189e-21   -3.749637032066572880e-21
-1.653654933999999776e+04   +2.389905373953889932e-21   -2.499758021377715379e-21   +2.058211407982506189e-21   -3.749637032066572880e-21   +0.000000000000000000e+00   +0.000000000000000000e+00   +2.058211407982506189e-21   -3.749637032066572880e-21
-1.550301500624999608e+04   +2.389905373953889932e-21   -2.499758021377715379e-21   +2.058211407982506189e-21   -3.749637032066572880e-21   +0.000000000000000000e+00   +0.000000000000000000e+00   +2.058211407982506189e-21   -3.749637032066572880e-21
-1.446948067249999804e+04   +2.389905373953889932e-21   -2.499758021377715379e-21   +2.058211407982506189e-21   -3.749637032066572880e-21   +0.000000000000000000e+00   +0.000000000000000000e+00   +2.058211407982506189e-21   -3.749637032066572880e-21
-1.343594633874999636e+04   +2.389905373953889932e-21   -2.499758021377715379e-21   +2.058211407982506189e-21   -3.749637032066572880e-21   +0.000000000000000000e+00   +0.000000000000000000e+00   +2.058211407982506189e-21   -3.749637032066572880e-21
-1.240241200499999650e+04   +2.389905373953889932e-21   -2.499758021377715379e-21   +2.058211407982506189e-21   -3.749637032066572880e-21   +0.000000000000000000e+00   +0.000000000000000000e+00   +2.058211407982506189e-21   -3.749637032066572880e-21
-1.136887767124999664e+04   +2.389905373953889932e-21   -2.499758021377715379e-21   +2.058211407982506189e-21   -3.749637032066572880e-21   +0.000000000000000000e+00   +0.000000000000000000e+00   +2.058211407982506189e-21   -3.749637032066572880e-21
-1.033534333749999678e+04   +2.389905373953889932e-21   -2.499758021377715379e-21   +2.058211407982506189e-21   -3.749637032066572880e-21   +0.000000000000000000e+00   +0.000000000000000000e+00   +2.058211407982506189e-21   -3.749637032066572880e-21
-9.301809003749996918e+03   +2.389905373953889932e-21   -2.499758021377715379e-21   +2.058211407982506189e-21   -3.749637032066572880e-21   +0.000000000000000000e+00   +0.000000000000000000e+00   +2.058211407982506189e-21   -3.749637032066572880e-21
-8.268274669999997059e+03   +2.389905373953889932e-21   -2.499758021377715379e-21   +2.058211407982506189e-21   -3.749637032066572880e-21   +0.000000000000000000e+00   +0.000000000000000000e+00   +2.058211407982506189e-21   -3.749637032066572880e-21
-7.234740336249997199e+03   +2.389905373953889932e-21   -2.499758021377715379e-21   +2.058211407982506189e-21   -3.749637032066572880e-21   +0.000000000000000000e+00   +0.000000000000000000e+00   +2.058211407982506189e-21   -3.749637032066572880e-21
-6.201206002499997339e+03   +2.389905373953889932e-21   -2.499758021377715379e-21   +2.058211407982506189e-21   -3.749637032066572880e-21   +0.000000000000000000e+00   +0.000000000000000000e+00   +2.058211407982506189e-21   -3.749637032066572880e-21
-5.167671668749997480e+03   +2.389905373953889932e-21   -2.499758021377715379e-21   +2.058211407982506189e-21   -3.749637032066572880e-21   +0.000000000000000000e+00   +0.000000000000000000e+00   +2.058211407982506189e-21   -3.749637032066572880e-21
-4.134137334999995801e+03   +2.389905373953889932e-21   -2.499758021377715379e-21   +2.058211407982506189e-21   -3.749637032066572880e-21   +0.000000000000000000e+00   +0.000000000000000000e+00   +2.058211407982506189e-21   -3.749637032066572880e-21
-3.100603001249997760e+03   +2.389905373953889932e-21   -2.499758021377715379e-21   +2.058211407982506189e-21   -3.749637032066572880e-21   +0.000000000000000000e+00   +0.000000000000000000e+00   +2.058211407982506189e-21   -3.749637032066572880e-21
-2.067068667499996081e+03   +2.389905373953889932e-21   -2.499758021377715379e-21   +2.058211407982506189e-21   -3.749637032066572880e-21   +1.105302027273224558e-50   +5.954008628298059733e-66   +2.058211407982506189e-21   -3.749637032066572880e-21
-1.033534333749998041e+03   -3.887824577484801583e-17   -3.124697526721773426e-21   -6.632713355633807185e-18   -3.124697526722144318e-21   -3.201990245095153755e-17   -1.849879075479286046e-33   -3.865261580658534704e-17   -3.124697526723994263e-21
+3.637978807091712952e-12   -8.733683282192178056e-07   -2.411875903438655247e-21   -1.022122898933725473e-06   -3.734990012410062921e-21   +4.539698257119142863e-07   +3.023312747983707893e-21   -5.681530732218111867e-07   -7.116772644263550278e-22
+1.033534333750001679e+03   -1.477616221319692752e-11   -2.460699302293688570e-21   +2.363683266413509887e-11   -3.105168167180130913e-21   -2.209551959937993616e-11   +1.207662469794201386e-22   +1.541313064755162713e-12   -2.984401920200710610e-21
+2.067068667500003357e+03   +2.737374171518087724e-11   -3.105168167180130913e-21   +2.363683933223004212e-11   -3.085638807638117509e-21   +3.467189666621697305e-12   -8.398918275877313925e-25   +2.710402899885173902e-11   -3.086478699465705187e-21
+3.100603001250001398e+03   +2.343535072444027894e-11   -4.335517818326975010e-21   +2.363683933223004212e-11   -3.085638807638117509e-21   -2.086471499643410336e-13   +4.801349327919269693e-27   +2.342819218226570025e-11   -3.085634006288789750e-21
+4.134137335000003077e+03   +2.364517436573545194e-11   -3.691048953440533043e-21   +2.363683933223004212e-11   -3.085638807638117509e-21   +9.700095638207498958e-15   +7.569400038173278678e-28   +2.364653942786825080e-11   -3.085638050698113845e-21
+5.167671668750001118e+03   +2.363666061159270679e-11   -3.066109448096104104e-21   +2.363683933223004212e-11   -3.085638807638117509e-21   -2.919706501746484507e-16   -1.508435283796802669e-29   +2.363654736157986697e-11   -3.085638822722470279e-21
+6.201206002500002796e+03   +2.363682820032255171e-11   -3.710578312982546071e-21   +2.363683933223004212e-11   -3.085638807638117509e-21   -4.117662782671404066e-18   -5.048598394405973983e-30   +2.363683521456725859e-11   -3.085638812686716035e-21
+7.234740336250000837e+03   +2.363684121720343497e-11   -3.730107672524559852e-21   +2.363683933223004212e-11   -3.085638807638117509e-21   +1.550493561858531973e-18   -3.502450224608624643e-32   +2.363684088272360326e-11   -3.085638807673141974e-21
+8.268274670000002516e+03   +2.363683916550632574e-11   -3.710578312982546071e-21   +2.363683933223004212e-11   -3.085638807638117509e-21   -1.566456020690255388e-19   +1.529499716662941295e-32   +2.363683917558443906e-11   -3.085638807622822541e-21
+9.301809003750000556e+03   +2.363683934490509866e-11   -3.085638807638117509e-21   +2.363683933223004212e-11   -3.085638807638117509e-21   +1.227114614280580106e-20   -2.701306531350388276e-33   +2.363683934450118895e-11   -3.085638807640818701e-21
+1.033534333750000224e+04   +2.363683933149212269e-11   -3.085638807638117509e-21   +2.363683933223004212e-11   -3.085638807638117509e-21   -1.107662049209871423e-21   -7.426734688858170267e-35   +2.363683933112237942e-11   -3.085638807638191612e-21
+1.136887767125000391e+04   +2.363683933758891556e-11   -3.749637032066572880e-21   +2.363683933223004212e-11   -3.085638807638117509e-21   +4.998340929307031986e-21   -1.332305483677914702e-36   +2.363683933722838436e-11   -3.085638807638119013e-21
+1.240241200500000559e+04   +2.363683933251666989e-11   -3.749637032066572880e-21   +2.363683933223004212e-11   -3.085638807638117509e-21   +8.087845304122102739e-24   +2.108136037560315571e-38   +2.363683933223812974e-11   -3.085638807638117509e-21
+1.343594633875000000e+04   +2.363683933250432034e-11   -3.749637032066572880e-21   +2.363683933223004212e-11   -3.085638807638117509e-21   -4.459329349820130939e-25   -7.755992024860173962e-38   +2.363683933222959621e-11   -3.085638807638117509e-21
+1.446948067250000167e+04   +2.363683933250294386e-11   -3.749637032066572880e-21   +2.363683933223004212e-11   -3.085638807638117509e-21   +2.139279329318359511e-26   +9.768824564901210512e-39   +2.363683933223006473e-11   -3.085638807638117509e-21
+1.550301500625000335e+04   +2.363683933250294386e-11   -3.749637032066572880e-21   +2.363683933223004212e-11   -3.085638807638117509e-21   -3.889897880876189551e-28   +6.651626508378276074e-41   +2.363683933223004212e-11   -3.085638807638117509e-21
+1.653654934000000503e+04   +2.363683933250294386e-11   -3.749637032066572880e-21   +2.363683933223004212e-11   -3.085638807638117509e-21   -5.790765072058191409e-29   +3.229784783592617741e-42   +2.363683933223004212e-11   -3.085638807638117509e-21
+1.757008367374999943e+04   +2.363683933250294386e-11   -3.749637032066572880e-21   +2.363683933223004212e-11   -3.085638807638117509e-21   -8.421761016767860777e-29   -4.470751379676193259e-43   +2.363683933223004212e-11   -3.085638807638117509e-21
+1.860361800750000111e+04   +2.363683933250294386e-11   -3.749637032066572880e-21   +2.363683933223004212e-11   -3.085638807638117509e-21   -6.580348038803494896e-31   +4.102383511271520163e-45   +2.363683933223004212e-11   -3.085638807638117509e-21
+1.963715234125000279e+04   +2.363683933250294386e-11   -3.749637032066572880e-21   +2.363683933223004212e-11   -3.085638807638117509e-21   +7.981084369150444607e-32   -1.202937121097289476e-45   +2.363683933223004212e-11   -3.085638807638117509e-21
+2.067068667500000447e+04   +2.363683933250294386e-11   -3.749637032066572880e-21   +2.363683933223004212e-11   -3.085638807638117509e-21   +4.472342992284096451e-36   +4.703026911449653907e-51   +2.363683933223004212e-11   -3.085638807638117509e-21
