# Original data was compressed by a factor of 5000; data points taken in the publication are the last data points, those are identical with the original data 
# t                         j_E_dir                     j_ortho                     j_intra_E_dir               j_intra_ortho               dtP_E_dir                   dtP_ortho                   j_intra_plus_dtP_E_dir      j_intra_plus_dtP_ortho     
-2.067068667499999719e+04   +1.768271910189073403e-20   +1.199883850261303231e-20   +1.774507355699987503e-20   +1.199883850261303231e-20   -2.350812027304143135e-37   +2.655916813879868245e-53   +1.774507355699987503e-20   +1.199883850261303231e-20
-1.984385920799999803e+04   +1.768271910189073403e-20   +1.199883850261303231e-20   +1.774507355699987503e-20   +1.199883850261303231e-20   +0.000000000000000000e+00   +0.000000000000000000e+00   +1.774507355699987503e-20   +1.199883850261303231e-20
-1.901703174099999887e+04   +1.768271910189073403e-20   +1.199883850261303231e-20   +1.774507355699987503e-20   +1.199883850261303231e-20   +0.000000000000000000e+00   +0.000000000000000000e+00   +1.774507355699987503e-20   +1.199883850261303231e-20
-1.819020427399999608e+04   +1.768271910189073403e-20   +1.199883850261303231e-20   +1.774507355699987503e-20   +1.199883850261303231e-20   +0.000000000000000000e+00   +0.000000000000000000e+00   +1.774507355699987503e-20   +1.199883850261303231e-20
-1.736337680699999692e+04   +1.768271910189073403e-20   +1.199883850261303231e-20   +1.774507355699987503e-20   +1.199883850261303231e-20   +0.000000000000000000e+00   +0.000000000000000000e+00   +1.774507355699987503e-20   +1.199883850261303231e-20
-1.653654933999999776e+04   +1.768271910189073403e-20   +1.199883850261303231e-20   +1.774507355699987503e-20   +1.199883850261303231e-20   +0.000000000000000000e+00   +0.000000000000000000e+00   +1.774507355699987503e-20   +1.199883850261303231e-20
-1.570972187299999678e+04   +1.768271910189073403e-20   +1.199883850261303231e-20   +1.774507355699987503e-20   +1.199883850261303231e-20   +0.000000000000000000e+00   +0.000000000000000000e+00   +1.774507355699987503e-20   +1.199883850261303231e-20
-1.488289440599999580e+04   +1.768271910189073403e-20   +1.199883850261303231e-20   +1.774507355699987503e-20   +1.199883850261303231e-20   +0.000000000000000000e+00   +0.000000000000000000e+00   +1.774507355699987503e-20   +1.199883850261303231e-20
-1.405606693899999664e+04   +1.768271910189073403e-20   +1.199883850261303231e-20   +1.774507355699987503e-20   +1.199883850261303231e-20   +0.000000000000000000e+00   +0.000000000000000000e+00   +1.774507355699987503e-20   +1.199883850261303231e-20
-1.322923947199999748e+04   +1.768271910189073403e-20   +1.199883850261303231e-20   +1.774507355699987503e-20   +1.199883850261303231e-20   +0.000000000000000000e+00   +0.000000000000000000e+00   +1.774507355699987503e-20   +1.199883850261303231e-20
-1.240241200499999650e+04   +1.768271910189073403e-20   +1.199883850261303231e-20   +1.774507355699987503e-20   +1.199883850261303231e-20   +0.000000000000000000e+00   +0.000000000000000000e+00   +1.774507355699987503e-20   +1.199883850261303231e-20
-1.157558453799999734e+04   +1.768271910189073403e-20   +1.199883850261303231e-20   +1.774507355699987503e-20   +1.199883850261303231e-20   +0.000000000000000000e+00   +0.000000000000000000e+00   +1.774507355699987503e-20   +1.199883850261303231e-20
-1.074875707099999636e+04   +1.768271910189073403e-20   +1.199883850261303231e-20   +1.774507355699987503e-20   +1.199883850261303231e-20   +0.000000000000000000e+00   +0.000000000000000000e+00   +1.774507355699987503e-20   +1.199883850261303231e-20
-9.921929603999997198e+03   +1.768271910189073403e-20   +1.199883850261303231e-20   +1.774507355699987503e-20   +1.199883850261303231e-20   +0.000000000000000000e+00   +0.000000000000000000e+00   +1.774507355699987503e-20   +1.199883850261303231e-20
-9.095102136999996219e+03   +1.768271910189073403e-20   +1.199883850261303231e-20   +1.774507355699987503e-20   +1.199883850261303231e-20   +0.000000000000000000e+00   +0.000000000000000000e+00   +1.774507355699987503e-20   +1.199883850261303231e-20
-8.268274669999997059e+03   +1.768271910189073403e-20   +1.199883850261303231e-20   +1.774507355699987503e-20   +1.199883850261303231e-20   +0.000000000000000000e+00   +0.000000000000000000e+00   +1.774507355699987503e-20   +1.199883850261303231e-20
-7.441447202999996080e+03   +1.768271910189073403e-20   +1.199883850261303231e-20   +1.774507355699987503e-20   +1.199883850261303231e-20   +0.000000000000000000e+00   +0.000000000000000000e+00   +1.774507355699987503e-20   +1.199883850261303231e-20
-6.614619735999996919e+03   +1.768271910189073403e-20   +1.199883850261303231e-20   +1.774507355699987503e-20   +1.199883850261303231e-20   +0.000000000000000000e+00   +0.000000000000000000e+00   +1.774507355699987503e-20   +1.199883850261303231e-20
-5.787792268999995940e+03   +1.768271910189073403e-20   +1.199883850261303231e-20   +1.774507355699987503e-20   +1.199883850261303231e-20   +0.000000000000000000e+00   +0.000000000000000000e+00   +1.774507355699987503e-20   +1.199883850261303231e-20
-4.960964801999996780e+03   +1.768271910189073403e-20   +1.199883850261303231e-20   +1.774507355699987503e-20   +1.199883850261303231e-20   +0.000000000000000000e+00   +0.000000000000000000e+00   +1.774507355699987503e-20   +1.199883850261303231e-20
-4.134137334999995801e+03   +1.768271910189073403e-20   +1.199883850261303231e-20   +1.774507355699987503e-20   +1.199883850261303231e-20   +0.000000000000000000e+00   +0.000000000000000000e+00   +1.774507355699987503e-20   +1.199883850261303231e-20
-3.307309867999996641e+03   +1.768271910189073403e-20   +1.199883850261303231e-20   +1.774507355699987503e-20   +1.199883850261303231e-20   +0.000000000000000000e+00   +0.000000000000000000e+00   +1.774507355699987503e-20   +1.199883850261303231e-20
-2.480482400999997481e+03   +1.768271910189073403e-20   +1.199883850261303231e-20   +1.774507355699987503e-20   +1.199883850261303231e-20   -2.387613406837979151e-71   -2.217837182049990592e-87   +1.774507355699987503e-20   +1.199883850261303231e-20
-1.653654933999994682e+03   +1.768271910189073403e-20   +1.199883850261303231e-20   +1.774507355699987503e-20   +1.199883850261303231e-20   -1.410716066081886095e-36   +1.651788609655254215e-51   +1.774507355699987503e-20   +1.199883850261303231e-20
-8.268274669999955222e+02   -2.510829627090030058e-15   +1.114177860956924483e-20   -1.679793217048992877e-15   +1.028471871652545584e-20   -3.968967826599390221e-16   -7.356118508262800857e-31   -2.076689999708931849e-15   +1.028471871578984389e-20
+3.637978807091712952e-12   -2.262036593830250155e-08   +1.199883850261303231e-20   -3.207026038476400042e-08   +1.285589839565682130e-20   +1.921907473541165222e-08   -1.164901213141847458e-22   -1.285118564935234820e-08   +1.273940827434263618e-20
+8.268274670000027982e+02   +1.131228030197863916e-12   +1.114177860956924483e-20   -9.309319550904884256e-16   +1.199883850261303231e-20   +1.640602194147273660e-14   +7.908358541443728343e-25   +1.547508998638224876e-14   +1.199962933846717731e-20
+1.653654934000005596e+03   +3.549248828976015145e-13   +1.199883850261303231e-20   +7.488873524280853792e-16   +1.199883850261303231e-20   +3.084778449061310475e-13   -3.346957893455250171e-26   +3.092267322585591140e-13   +1.199880503303409847e-20
+2.480482401000004756e+03   +3.869956971391347455e-14   +1.285589839565682130e-20   +7.488873524280853792e-16   +1.199883850261303231e-20   +3.730875383087189912e-14   +7.125680112796815842e-28   +3.805764118329998450e-14   +1.199883921518104397e-20
+3.307309868000003917e+03   +4.114194661630146205e-15   +1.285589839565682130e-20   +7.488873524280853792e-16   +1.199883850261303231e-20   +3.603041005715949732e-15   -6.836067373166797099e-28   +4.351928358144035111e-15   +1.199883781900629451e-20
+4.134137335000003077e+03   +9.882005576238480684e-16   +1.114177860956924483e-20   +7.488873524280853792e-16   +1.199883850261303231e-20   +2.873110159783827588e-16   -5.927892919037399866e-29   +1.036198368406468089e-15   +1.199883844333410330e-20
+4.960964802000002237e+03   +7.580674119319198471e-16   +1.114177860956924483e-20   +7.488873524280853792e-16   +1.199883850261303231e-20   +1.565591687617629953e-17   +6.309058448859208839e-30   +7.645432693042616571e-16   +1.199883850892209143e-20
+5.787792269000005035e+03   +7.479257374186797660e-16   +1.199883850261303231e-20   +7.488873524280853792e-16   +1.199883850261303231e-20   -2.529318272155055913e-19   +2.695675218634684570e-32   +7.486344206008699197e-16   +1.199883850263998931e-20
+6.614619736000004195e+03   +7.485836441366669396e-16   +1.114177860956924483e-20   +7.488873524280853792e-16   +1.199883850261303231e-20   -2.410847836979982043e-19   +8.491192807784908366e-32   +7.486462676443874088e-16   +1.199883850269794476e-20
+7.441447203000003356e+03   +7.488376996593828536e-16   +1.199883850261303231e-20   +7.488873524280853792e-16   +1.199883850261303231e-20   -4.597985712602915221e-20   +7.419321266452274895e-33   +7.488413725709593256e-16   +1.199883850262045166e-20
+8.268274670000002516e+03   +7.488811281079650878e-16   +1.199883850261303231e-20   +7.488873524280853792e-16   +1.199883850261303231e-20   -6.351001348440658017e-21   +4.791716910685693020e-34   +7.488810014267369591e-16   +1.199883850261351079e-20
+9.095102137000005314e+03   +7.488868337649418193e-16   +1.028471871652545584e-20   +7.488873524280853792e-16   +1.199883850261303231e-20   -7.057263316466150718e-22   +1.553064355958883522e-34   +7.488866467017537591e-16   +1.199883850261318729e-20
+9.921929604000004474e+03   +7.488874432208746969e-16   +1.114177860956924483e-20   +7.488873524280853792e-16   +1.199883850261303231e-20   -5.968942934177646060e-23   +1.093389133895158636e-35   +7.488872927386560827e-16   +1.199883850261304285e-20
+1.074875707100000363e+04   +7.488874847487566626e-16   +1.114177860956924483e-20   +7.488873524280853792e-16   +1.199883850261303231e-20   -2.184527271669588400e-24   -1.075098550943011856e-36   +7.488873502435581526e-16   +1.199883850261303081e-20
+1.157558453800000279e+04   +7.488874980661165463e-16   +1.114177860956924483e-20   +7.488873524280853792e-16   +1.199883850261303231e-20   +5.586905698173535095e-25   -1.031479303580173162e-37   +7.488873529867759007e-16   +1.199883850261303231e-20
+1.240241200500000559e+04   +7.488874975517809124e-16   +1.114177860956924483e-20   +7.488873524280853792e-16   +1.199883850261303231e-20   +2.036616079469555178e-25   +2.390366363660121320e-38   +7.488873526317469796e-16   +1.199883850261303231e-20
+1.322923947200000111e+04   +7.488874977341707799e-16   +1.114177860956924483e-20   +7.488873524280853792e-16   +1.199883850261303231e-20   +4.360324164742855279e-25   -1.978801907063537344e-39   +7.488873528641177921e-16   +1.199883850261303231e-20
+1.405606693900000391e+04   +7.488874973683620744e-16   +1.114177860956924483e-20   +7.488873524280853792e-16   +1.199883850261303231e-20   -1.946120741703747585e-27   -2.863116736087392866e-40   +7.488873524261392593e-16   +1.199883850261303231e-20
+1.488289440600000671e+04   +7.488874973565875366e-16   +1.114177860956924483e-20   +7.488873524280853792e-16   +1.199883850261303231e-20   +8.362846897338948508e-29   +1.586238009596654892e-41   +7.488873524281689984e-16   +1.199883850261303231e-20
+1.570972187300000223e+04   +7.488874973566514343e-16   +1.114177860956924483e-20   +7.488873524280853792e-16   +1.199883850261303231e-20   +2.357668643266314930e-29   +2.699016126801876086e-42   +7.488873524281089464e-16   +1.199883850261303231e-20
+1.653654934000000503e+04   +7.488874973566514343e-16   +1.114177860956924483e-20   +7.488873524280853792e-16   +1.199883850261303231e-20   +2.609408306546754901e-30   +7.050318856153750242e-44   +7.488873524280879430e-16   +1.199883850261303231e-20
+1.736337680700000783e+04   +7.488874973566514343e-16   +1.114177860956924483e-20   +7.488873524280853792e-16   +1.199883850261303231e-20   +2.057258913053613817e-31   -1.273578976243936029e-44   +7.488873524280855764e-16   +1.199883850261303231e-20
+1.819020427400000335e+04   +7.488874973566514343e-16   +1.114177860956924483e-20   +7.488873524280853792e-16   +1.199883850261303231e-20   +1.343599751390634550e-33   -1.317748135376717764e-44   +7.488873524280853792e-16   +1.199883850261303231e-20
+1.901703174100000615e+04   +7.488874973566514343e-16   +1.114177860956924483e-20   +7.488873524280853792e-16   +1.199883850261303231e-20   -3.803174435697378203e-33   -1.029130940515613833e-45   +7.488873524280853792e-16   +1.199883850261303231e-20
+1.984385920800000167e+04   +7.488874973566514343e-16   +1.114177860956924483e-20   +7.488873524280853792e-16   +1.199883850261303231e-20   -1.190704028401993375e-33   +1.093762352214754398e-46   +7.488873524280853792e-16   +1.199883850261303231e-20
+2.067068667500000447e+04   +7.488874973566514343e-16   +1.114177860956924483e-20   +7.488873524280853792e-16   +1.199883850261303231e-20   -2.286279795722071333e-37   -2.708250150113954406e-53   +7.488873524280853792e-16   +1.199883850261303231e-20
