# Original data was compressed by a factor of 5000; data points taken in the publication are the last data points, those are identical with the original data 
# t                         j_E_dir                     j_ortho                     j_intra_E_dir               j_intra_ortho               dtP_E_dir                   dtP_ortho                   j_intra_plus_dtP_E_dir      j_intra_plus_dtP_ortho     
-2.067068667499999719e+04   +1.302580795687012519e-19   +1.036936660719644981e-20   +1.298550514525231294e-19   +1.036936660719644981e-20   -4.306342791508430588e-32   -1.752770502872129390e-45   +1.298550514524800608e-19   +1.036936660719644981e-20
-1.901703174099999887e+04   +1.302580795687012519e-19   +1.036936660719644981e-20   +1.298550514525231294e-19   +1.036936660719644981e-20   -9.097501983138898574e-43   +4.906970105409472845e-58   +1.298550514525231294e-19   +1.036936660719644981e-20
-1.736337680699999692e+04   +1.302580795687012519e-19   +1.036936660719644981e-20   +1.298550514525231294e-19   +1.036936660719644981e-20   -1.247688536428101807e-36   -2.714168585210648859e-52   +1.298550514525231294e-19   +1.036936660719644981e-20
-1.570972187299999678e+04   +1.302580795682827954e-19   +1.036936660719644981e-20   +1.298550514525231294e-19   +1.036936660719644981e-20   -4.751813481124754602e-31   -3.751905013566400813e-46   +1.298550514520479543e-19   +1.036936660719644981e-20
-1.405606693899999664e+04   +1.302580352612337393e-19   +1.036936660719644981e-20   +1.298550514525231294e-19   +1.036936660719644981e-20   -5.023943389307166245e-26   +4.458368058619898540e-42   +1.298550012130892416e-19   +1.036936660719644981e-20
-1.240241200499999650e+04   +1.363707658556291461e-19   +9.332429946476804081e-21   +1.378882726727271690e-19   +1.036936660719644981e-20   -1.474030647175568024e-21   -3.044741085558274589e-38   +1.364142420255516031e-19   +1.036936660719644981e-20
-1.074875707099999636e+04   +6.710941286989815016e-17   +1.036936660719645282e-20   +7.837939718520615388e-17   +1.036936660719644981e-20   -1.199691895852254992e-17   -5.048658634435791005e-33   +6.638247822668360704e-17   +1.036936660719140177e-20
-9.095102136999996219e+03   +1.812439511775134138e-13   +9.332429946520667135e-21   +2.068313260731178783e-13   +1.036936660719644981e-20   -2.707325189976023671e-14   -5.835289393784894482e-30   +1.797580741733576384e-13   +1.036936660136116044e-20
-7.441447202999996080e+03   +1.368311529058567335e-10   +8.295493295188617841e-21   +1.529318546909328306e-10   +1.036936660719636104e-20   -1.693196075253595411e-11   -5.123432215291438635e-27   +1.359998939383968862e-10   +1.036936148376414505e-20
-5.787792268999995940e+03   +2.861941427139763075e-08   +9.332431863436007528e-21   +3.142611395366648672e-08   +9.332429942613915234e-21   -2.933222816144258543e-09   +7.740996586974835878e-25   +2.849289113752222860e-08   +9.333204042272612534e-21
-4.134137334999995801e+03   +1.658122417173794174e-06   +1.036939034079311498e-20   +1.793961914196067599e-06   +9.332410168479583614e-21   -1.411664215189717665e-07   +2.458170386524178691e-23   +1.652795492677095939e-06   +9.356991872344825657e-21
-2.480482400999997481e+03   +1.971061950463224088e-05   +3.621177244856885144e-21   +2.114349089105592723e-05   +6.727936693184884131e-21   -2.405497612099279362e-06   -2.195368483548460947e-20   +1.873799327895664702e-05   -1.522574814229972384e-20
-8.268274669999955222e+02   +1.170557722526604838e-04   -1.885928551683854315e-20   +1.226788755583268565e-04   -1.471153887395996322e-20   -7.488824556458035518e-06   -1.567299194163204774e-20   +1.151900510018688252e-04   -3.038453081559201096e-20
+8.268274670000027982e+02   +1.970140633922374716e-04   -1.309132534158551855e-20   +2.025098497363612667e-04   -1.322094242417547370e-20   -6.159671093156986268e-06   +2.502967359758792915e-20   +1.963501786432042897e-04   +1.180873117341245545e-20
+2.480482401000004756e+03   +6.478615858451811603e-05   -9.332429946476804081e-21   +6.569412021677664931e-05   -1.775754031482392059e-20   -9.937657499710354695e-07   +2.356967149728901528e-21   +6.470035446680561257e-05   -1.540057316509502019e-20
+4.134137335000003077e+03   +1.365331525816775432e-05   -3.408929272115832999e-20   +1.373240342162358103e-05   -2.618265068317103710e-20   -7.921060822383282496e-08   -1.423682095097479717e-23   +1.365319281339974880e-05   -2.619688750412201120e-20
+5.787792269000005035e+03   +1.008733265932631940e-05   -2.605303360058108044e-20   +1.008903414781019610e-05   -2.618265068317103710e-20   -1.699037109453222765e-09   +5.129985513749489552e-25   +1.008733511070074322e-05   -2.618213768461966267e-20
+7.441447203000003356e+03   +1.002398666109188600e-05   -3.434852688633823728e-20   +1.002399681803534687e-05   -1.788715739741387725e-20   -1.011106400556934226e-11   +4.363745513720318488e-28   +1.002398670697134089e-05   -1.788715696103932462e-20
+9.095102137000005314e+03   +1.002367917856553078e-05   -1.775754031482392059e-20   +1.002367919536170284e-05   -1.775754031482392059e-20   -1.653192916819846391e-14   +4.847857275589440534e-32   +1.002367917882977287e-05   -1.775754031477544132e-20
+1.074875707100000363e+04   +1.002367876537267608e-05   -1.762792323223396393e-20   +1.002367876537700272e-05   -2.605303360058108044e-20   -3.795430170595655701e-18   +1.826563114186946542e-31   +1.002367876537320801e-05   -2.605303360039842404e-20
+1.240241200500000559e+04   +1.002367876521426736e-05   -1.749830614964401028e-20   +1.002367876521426736e-05   -1.775754031482392059e-20   -1.811823268460081416e-20   -7.128697397148986723e-33   +1.002367876521424873e-05   -1.775754031483104954e-20
+1.405606693900000391e+04   +1.002367876521427922e-05   -9.202812863886848928e-21   +1.002367876521425550e-05   -1.775754031482392059e-20   +5.779052837114113518e-22   +2.784700111129457343e-35   +1.002367876521425550e-05   -1.775754031482389351e-20
+1.570972187300000223e+04   +1.002367876521427922e-05   -9.202812863886848928e-21   +1.002367876521425550e-05   -1.775754031482392059e-20   -6.991675959229023596e-24   +5.438857563150416003e-37   +1.002367876521425550e-05   -1.775754031482392059e-20
+1.736337680700000783e+04   +1.002367876521427922e-05   -9.202812863886848928e-21   +1.002367876521425550e-05   -1.775754031482392059e-20   +1.567160628912061323e-25   +5.166913665369188758e-38   +1.002367876521425550e-05   -1.775754031482392059e-20
+1.901703174100000615e+04   +1.002367876521427922e-05   -9.202812863886848928e-21   +1.002367876521425550e-05   -1.775754031482392059e-20   +9.600156162435630505e-28   -2.229121167588823010e-40   +1.002367876521425550e-05   -1.775754031482392059e-20
+2.067068667500000447e+04   +1.002367876521427922e-05   -9.202812863886848928e-21   +1.002367876521425550e-05   -1.775754031482392059e-20   -4.330892811468918889e-32   -1.789950483231930833e-45   +1.002367876521425550e-05   -1.775754031482392059e-20
