# Original data was compressed by a factor of 5000; data points taken in the publication are the last data points, those are identical with the original data 
# t                         j_E_dir                     j_ortho                     j_intra_E_dir               j_intra_ortho               dtP_E_dir                   dtP_ortho                   j_intra_plus_dtP_E_dir      j_intra_plus_dtP_ortho     
-2.067068667499999719e+04   +1.302580795687012519e-19   +1.036936660719644981e-20   +1.298550514525231294e-19   +1.036936660719644981e-20   -8.941457574440906627e-32   +1.377783843693184591e-44   +1.298550514524337181e-19   +1.036936660719644981e-20
-1.901703174099999887e+04   +1.302580795687012519e-19   +1.036936660719644981e-20   +1.298550514525231294e-19   +1.036936660719644981e-20   -1.145307643042150338e-42   +5.072501319471979614e-58   +1.298550514525231294e-19   +1.036936660719644981e-20
-1.736337680699999692e+04   +1.302580795687012519e-19   +1.036936660719644981e-20   +1.298550514525231294e-19   +1.036936660719644981e-20   -1.570746804513539574e-36   +1.048760719198610383e-51   +1.298550514525231294e-19   +1.036936660719644981e-20
-1.570972187299999678e+04   +1.302580795681744378e-19   +1.036936660719644981e-20   +1.298550514525231294e-19   +1.036936660719644981e-20   -5.982178743494156973e-31   +1.600862425606194244e-47   +1.298550514519249115e-19   +1.036936660719644981e-20
-1.405606693899999664e+04   +1.302580237889042486e-19   +1.036936660719644981e-20   +1.298550514525231294e-19   +1.036936660719644981e-20   -6.324770000214356042e-26   +3.717322216810318529e-41   +1.298549882048231331e-19   +1.036936660719644981e-20
-1.240241200499999650e+04   +1.387040070681199031e-19   +9.332429946476804081e-21   +1.405555492003985896e-19   +1.036936660719644981e-20   -1.855694639492750694e-21   +5.729792541895588888e-37   +1.386998545609058396e-19   +1.036936660719644981e-20
-1.074875707099999636e+04   +8.445066490707683246e-17   +1.036936660719645132e-20   +9.863966210345304402e-17   +1.140630326791609555e-20   -1.510322614011972144e-17   +1.677669232944677745e-33   +8.353643596333331950e-17   +1.140630326791777321e-20
-9.095102136999996219e+03   +2.281725818971746222e-13   +1.036936660722783344e-20   +2.603851782063819278e-13   +1.036936660719644981e-20   -3.408320479651190523e-14   -5.864473809026076721e-30   +2.263019734098700100e-13   +1.036936660133197658e-20
-7.441447202999996080e+03   +1.722602156094930768e-10   +9.332429928784289272e-21   +1.925297982337007853e-10   +1.036936660719630236e-20   -2.131607566305204582e-11   -1.175565679656282921e-26   +1.712137225706487298e-10   +1.036935485153950642e-20
-5.787792268999995940e+03   +3.603078112599953888e-08   +1.036937155749009008e-20   +3.956420791871120385e-08   +1.140630326019031485e-20   -3.692710576652308512e-09   +2.860214075035857204e-26   +3.587149734205889699e-08   +1.140633186233106463e-20
-4.134137334999995801e+03   +2.092805924520273889e-06   +1.036930331760534071e-20   +2.264086269714997992e-06   +1.036935078479867254e-20   -1.780773339813622917e-07   -4.810941758459556171e-23   +2.086008935733635489e-06   +1.032124136721407664e-20
-2.480482400999997481e+03   +2.295700705650595728e-05   -5.468220671763752979e-23   +2.507901383656529427e-05   +9.802291870865393201e-22   -3.331443114569544846e-06   +4.075897402837561687e-20   +2.174757072199574900e-05   +4.173920321546215770e-20
-8.268274669999955222e+02   +1.642018166890452980e-04   -1.905371114072347512e-20   +1.709023923003952239e-04   -1.704464636057916499e-20   -8.753711322377233671e-06   +3.131115586278379637e-20   +1.621486809780179868e-04   +1.426650950220463137e-20
+8.268274670000027982e+02   +2.768811557524578949e-04   -2.618265068317103710e-20   +2.833765351688969964e-04   -9.073195781296893776e-21   -7.206767634009555682e-06   -5.358156996968294643e-24   +2.761697675348874178e-04   -9.078553938293862755e-21
+2.480482401000004756e+03   +9.116117835389620351e-05   -3.499661229928802057e-20   +9.216294714032044033e-05   -2.670111901353085771e-20   -1.094920124048169109e-06   -3.140442128301228056e-21   +9.106802701627226529e-05   -2.984156114183208501e-20
+4.134137335000003077e+03   +1.905042120524571273e-05   -1.892409405813352148e-20   +1.913914631515945547e-05   -2.696035317871076801e-20   -8.884153136750401300e-08   -5.313656748122623460e-24   +1.905030478379195002e-05   -2.696566683545889062e-20
+5.787792269000005035e+03   +1.401211007720434764e-05   -2.670111901353085771e-20   +1.401401595179757463e-05   -2.696035317871076801e-20   -1.903532047076090422e-09   -1.152099219828303055e-25   +1.401211241975049778e-05   -2.696046838863275101e-20
+7.441447203000003356e+03   +1.392257757114992014e-05   -3.525584646446792786e-20   +1.392258896355169055e-05   -1.866485989295360816e-20   -1.134851638864454668e-11   -1.744080996478358053e-27   +1.392257761503530192e-05   -1.866486163703460506e-20
+9.095102137000005314e+03   +1.392214244687982762e-05   -2.747882150907059464e-20   +1.392214246617099114e-05   -3.525584646446792786e-20   -1.916691618425934259e-14   +7.020072294169859480e-29   +1.392214244700407550e-05   -3.525584639426720361e-20
+1.074875707100000363e+04   +1.392214186172008070e-05   -2.696035317871076801e-20   +1.392214186172093790e-05   -2.721958734389068133e-20   -8.101929506938481031e-20   -1.826338305853196417e-31   +1.392214186172085658e-05   -2.721958734407331365e-20
+1.240241200500000559e+04   +1.392214186149227119e-05   -1.918332822331343178e-20   +1.392214186149220343e-05   -2.721958734389068133e-20   +7.792965112242007803e-20   -8.554617943991542692e-33   +1.392214186149228135e-05   -2.721958734389923366e-20
+1.405606693900000391e+04   +1.392214186149217802e-05   -1.918332822331343178e-20   +1.392214186149217802e-05   -1.892409405813352148e-20   +6.531934073095348677e-22   -1.496788911708901350e-35   +1.392214186149217802e-05   -1.892409405813353652e-20
+1.570972187300000223e+04   +1.392214186149217802e-05   -1.918332822331343178e-20   +1.392214186149217802e-05   -1.892409405813352148e-20   +1.104075982617474398e-23   -1.218303882819478395e-36   +1.392214186149217802e-05   -1.892409405813352148e-20
+1.736337680700000783e+04   +1.392214186149217802e-05   -1.918332822331343178e-20   +1.392214186149217802e-05   -1.892409405813352148e-20   +4.899133631972563671e-25   +7.070513451190366518e-38   +1.392214186149217802e-05   -1.892409405813352148e-20
+1.901703174100000615e+04   +1.392214186149217802e-05   -1.918332822331343178e-20   +1.392214186149217802e-05   -1.892409405813352148e-20   +7.857468700248702123e-28   -2.209535442366097443e-39   +1.392214186149217802e-05   -1.892409405813352148e-20
+2.067068667500000447e+04   +1.392214186149217802e-05   -1.918332822331343178e-20   +1.392214186149217802e-05   -1.892409405813352148e-20   -8.943145482719712521e-32   +1.375659273386795257e-44   +1.392214186149217802e-05   -1.892409405813352148e-20
