# Original data was compressed by a factor of 5000; data points taken in the publication are the last data points, those are identical with the original data 
# t                         j_E_dir                     j_ortho                     j_intra_E_dir               j_intra_ortho               dtP_E_dir                   dtP_ortho                   j_intra_plus_dtP_E_dir      j_intra_plus_dtP_ortho     
-2.067068667499999719e+04   +1.768271910189073403e-20   +1.199883850261303231e-20   +1.774507355699987503e-20   +1.199883850261303231e-20   +2.400990371334450655e-36   -7.545408733317203827e-49   +1.774507355699987804e-20   +1.199883850261303231e-20
-1.901703174099999887e+04   +1.768271910189073403e-20   +1.199883850261303231e-20   +1.774507355699987503e-20   +1.199883850261303231e-20   -1.624047628354186291e-44   +4.648002120040001252e-60   +1.774507355699987503e-20   +1.199883850261303231e-20
-1.736337680699999692e+04   +1.768271910189073403e-20   +1.199883850261303231e-20   +1.774507355699987503e-20   +1.199883850261303231e-20   -2.239243106485615706e-38   +1.771869919574889257e-54   +1.774507355699987503e-20   +1.199883850261303231e-20
-1.570972187299999678e+04   +1.768271910188328610e-20   +1.199883850261303231e-20   +1.774507355699987503e-20   +1.199883850261303231e-20   -8.570169335009788947e-33   +9.553812622286192891e-49   +1.774507355699130464e-20   +1.199883850261303231e-20
-1.405606693899999664e+04   +1.768271830700346461e-20   +1.199883850261303231e-20   +1.774507355699987503e-20   +1.199883850261303231e-20   -9.101832792432903205e-28   -3.763377673378004323e-43   +1.774507264681659583e-20   +1.199883850261303231e-20
-1.240241200499999650e+04   +1.778311928503871708e-20   +1.199883850261303231e-20   +1.774842144720707773e-20   +1.199883850261303231e-20   -2.681427689589994515e-23   +1.342136638606419460e-38   +1.772160717031117693e-20   +1.199883850261303231e-20
-1.074875707099999636e+04   +1.395214278415746709e-18   +1.199883850261303231e-20   +1.599745812938923983e-18   +1.028471871652545584e-20   -2.190422783240700907e-19   -1.079588393309941380e-34   +1.380703534614853796e-18   +1.028471871652534751e-20
-9.095102136999996219e+03   +3.716544803906059133e-15   +1.028471871652545584e-20   +4.183428109373121195e-15   +1.199883850261303231e-20   -4.959317654443353042e-16   -1.507467848815490536e-31   +3.687496343928785989e-15   +1.199883850246228617e-20
-7.441447202999996080e+03   +2.798422824108160076e-12   +1.114177860956924483e-20   +3.093231124051503315e-12   +1.114177860956924483e-20   -3.110554105515740645e-13   +2.152769175694793787e-29   +2.782175713499929402e-12   +1.114177863109693616e-20
-5.787792268999995940e+03   +5.840539782165545638e-10   +1.028471871652545584e-20   +6.356015222382732988e-10   +1.114177860956924483e-20   -5.401951353852892739e-11   -2.944396185465947462e-28   +5.815820086997443844e-10   +1.114177831512962631e-20
-4.134137334999995801e+03   +3.335311503418443116e-08   +1.028471871652545584e-20   +3.584760891630167237e-08   +9.427658823481668354e-21   -2.596135437451775872e-09   -1.255451918454191884e-24   +3.325147347884989980e-08   +9.426403371563213555e-21
-2.480482400999997481e+03   +5.124708588195457996e-07   +1.028471871652545584e-20   +5.458734810781142038e-07   +1.028471871652545584e-20   -3.452322673055710596e-08   -1.265337366630996535e-23   +5.113502543475570515e-07   +1.027206534285914650e-20
-8.268274669999955222e+02   +2.027823529630438998e-06   +1.114177860956924483e-20   +2.152252157253424325e-06   +9.427658823481668354e-21   -1.278005050121141048e-07   +0.000000000000000000e+00   +2.024451652241310167e-06   +9.427658823481668354e-21
+8.268274670000027982e+02   +2.025946263549400131e-06   +1.114177860956924483e-20   +2.153412281349828392e-06   +1.028471871652545584e-20   -1.299591302877465958e-07   +2.024539786609594221e-23   +2.023453151062081770e-06   +1.030496411439155109e-20
+2.480482401000004756e+03   +5.106034378277875182e-07   +1.028471871652545584e-20   +5.463084178409185353e-07   +1.028471871652545584e-20   -3.611258305004006278e-08   +1.644938576620295672e-23   +5.101958347908785056e-07   +1.030116810229165813e-20
+4.134137335000003077e+03   +3.311728046008542170e-08   +1.028471871652545584e-20   +3.590036847718405967e-08   +1.028471871652545584e-20   -2.794169839711794341e-09   +3.262197898345537850e-25   +3.310619863747226698e-08   +1.028504493631529102e-20
+5.787792269000005035e+03   +6.017801850940175151e-10   +1.114177860956924483e-20   +6.617181197223903969e-10   +1.285589839565682130e-20   -5.973162646735005880e-11   -2.992664975399848193e-28   +6.019864932550403769e-10   +1.285589809639032431e-20
+7.441447203000003356e+03   +2.837480047620707713e-11   +1.371295828870060879e-20   +2.873118891206785292e-11   +1.114177860956924483e-20   -3.525195158872426786e-13   +1.021563686789086404e-28   +2.837866939618061059e-11   +1.114177871172561411e-20
+9.095102137000005314e+03   +2.563921852093199869e-11   +1.028471871652545584e-20   +2.563980363231958264e-11   +1.028471871652545584e-20   -5.744381950911819192e-16   -1.296280979452744083e-32   +2.563922919412449000e-11   +1.028471871651249343e-20
+1.074875707100000363e+04   +2.563561837580306277e-11   +1.114177860956924483e-20   +2.563561864084357328e-11   +1.285589839565682130e-20   -2.584290045354022839e-19   +2.904663700407249907e-33   +2.563561838241456877e-11   +1.285589839565972524e-20
+1.240241200500000559e+04   +2.563561705701464314e-11   +1.199883850261303231e-20   +2.563561705690082826e-11   +1.199883850261303231e-20   -3.046134659925427422e-23   +4.053035843847775005e-35   +2.563561705687036798e-11   +1.199883850261307294e-20
+1.405606693900000391e+04   +2.563561705696187807e-11   +1.199883850261303231e-20   +2.563561705675011983e-11   +1.199883850261303231e-20   +9.231888633016057038e-27   -1.103616126513563405e-36   +2.563561705675012952e-11   +1.199883850261303081e-20
+1.570972187300000223e+04   +2.563561705696189422e-11   +1.199883850261303231e-20   +2.563561705675011983e-11   +1.199883850261303231e-20   -1.166558920466581972e-28   -6.988913224802670490e-39   +2.563561705675011983e-11   +1.199883850261303231e-20
+1.736337680700000783e+04   +2.563561705696189422e-11   +1.199883850261303231e-20   +2.563561705675011983e-11   +1.199883850261303231e-20   -6.628892665698001158e-30   -2.002947021869484031e-40   +2.563561705675011983e-11   +1.199883850261303231e-20
+1.901703174100000615e+04   +2.563561705696189422e-11   +1.199883850261303231e-20   +2.563561705675011983e-11   +1.199883850261303231e-20   -1.373789766160860371e-31   +4.544357541056620194e-42   +2.563561705675011983e-11   +1.199883850261303231e-20
+2.067068667500000447e+04   +2.563561705696189422e-11   +1.199883850261303231e-20   +2.563561705675011983e-11   +1.199883850261303231e-20   +2.419463464725418583e-36   -5.015981942034731960e-49   +2.563561705675011983e-11   +1.199883850261303231e-20
