# Original data was compressed by a factor of 5000; data points taken in the publication are the last data points, those are identical with the original data 
# t                         j_E_dir                     j_ortho                     j_intra_E_dir               j_intra_ortho               dtP_E_dir                   dtP_ortho                   j_intra_plus_dtP_E_dir      j_intra_plus_dtP_ortho     
-2.067068667499999719e+04   -1.357968590931806735e-21   -1.576236307924281344e-20   -1.790462532455978358e-21   -1.569292535642676845e-20   +2.391527889258046438e-54   +1.355649860707803638e-70   -1.790462532455978358e-21   -1.569292535642676845e-20
-1.901703174099999887e+04   -1.357968590931806735e-21   -1.576236307924281344e-20   -1.790462532455978358e-21   -1.569292535642676845e-20   -2.756893210221899176e-45   -2.745263808052774224e-60   -1.790462532455978358e-21   -1.569292535642676845e-20
-1.736337680699999692e+04   -1.357968590931806735e-21   -1.576236307924281344e-20   -1.790462532455978358e-21   -1.569292535642676845e-20   -3.027703571683261937e-39   -1.086710213936267176e-54   -1.790462532455978358e-21   -1.569292535642676845e-20
-1.570972187299999678e+04   -1.357968590941948900e-21   -1.576236307924281344e-20   -1.790462532455978358e-21   -1.569292535642676845e-20   -9.075512015542011391e-34   +2.887667101795828621e-48   -1.790462532456886028e-21   -1.569292535642676845e-20
-1.405606693899999664e+04   -1.357969507874296372e-21   -1.576236307924281344e-20   -1.790462532455978358e-21   -1.569292535642676845e-20   -7.393491824087476045e-29   -1.931144889907438854e-43   -1.790462606390896454e-21   -1.569292535642676845e-20
-1.240241200499999650e+04   -1.428429268312952733e-21   -1.576236307924281344e-20   -1.826266358283002870e-21   -1.569292535642676845e-20   -1.627354240966080169e-24   -1.012775400931240436e-39   -1.827893712523969006e-21   -1.569292535642676845e-20
-1.074875707099999636e+04   -6.913491965662933498e-19   -1.604011397050701444e-20   -5.332305822790004570e-19   -1.680392892148358451e-20   -9.594830048951174548e-21   -4.180711249645651255e-35   -5.428254123279516797e-19   -1.680392892148362664e-20
-9.095102136999996219e+03   -1.441925595463678189e-15   -1.541517466206236254e-20   -1.151702561422942460e-15   -1.562348785550401261e-20   -1.495446077949737850e-17   +1.462652833233890705e-31   -1.166657022202439746e-15   -1.562348785535774726e-20
-7.441447202999996080e+03   -8.365027221427464858e-13   -1.561435065241712151e-20   -6.931456433553452226e-13   -1.693994062280910937e-20   -6.027056610059041093e-15   +3.152645362607108041e-29   -6.991726999654043039e-13   -1.693994059128265632e-20
-5.787792268999995940e+03   -1.347044985474331533e-10   -1.516710756284537968e-20   -1.159877823438980172e-10   -1.683485798711492888e-20   -6.026129356463182097e-13   +3.011713758915887999e-27   -1.165903952795443277e-10   -1.683485497540116969e-20
-4.134137334999995801e+03   -6.020421593428976344e-09   -1.594395021321243268e-20   -5.396397853308632530e-09   -1.544895757973216324e-20   -1.358272592127270063e-11   -2.056040392216425468e-25   -5.409980579229904843e-09   -1.544916318377138498e-20
-2.480482400999997481e+03   -7.469132389483730038e-08   -1.599481511671037573e-20   -6.983064804899198072e-08   -1.413917909476337045e-20   -4.834508156330137354e-11   +9.141322209444783631e-25   -6.987899313055528027e-08   -1.413826496254242630e-20
-8.268274669999955222e+02   -2.578261434764686966e-07   -1.716776177976111260e-20   -2.519638293431584651e-07   -1.534081837825180033e-20   +6.121008646817084870e-11   -1.462851824821018423e-24   -2.519026192566903139e-07   -1.534228123007662048e-20
+8.268274670000027982e+02   -2.461377226130688956e-07   -1.626523349209400608e-20   -2.519638169027213531e-07   -1.586101219759777913e-20   +6.443574658429116123e-11   -5.328016295987858680e-25   -2.518993811561370808e-07   -1.586154499922737902e-20
+2.480482401000004756e+03   -6.494199892896421364e-08   -1.590224296459093843e-20   -6.983051798457171536e-08   -1.541493289105365742e-20   -4.822421709254910986e-11   +4.151938290780843071e-25   -6.987874220166426800e-08   -1.541451769722457913e-20
+4.134137335000003077e+03   -4.764181488634895359e-09   -1.507638584904507179e-20   -5.396216945061527909e-09   -1.530766762948061495e-20   -1.422963219552938109e-11   -1.023225719775536263e-25   -5.410446577257057230e-09   -1.530776995205259154e-20
+5.787792269000005035e+03   -9.672497364602454096e-11   -1.615969951163487446e-20   -1.158026645875224686e-10   -1.540926225670747588e-20   -6.520067070225194257e-13   -3.020301947756725985e-27   -1.164546712945449904e-10   -1.540926527700942312e-20
+7.441447203000003356e+03   -3.609190288913381921e-13   -1.543529504555009911e-20   -5.079359697491304289e-13   -1.751449585308378206e-20   -6.713536331711843643e-15   -3.855954062267566101e-31   -5.146495060808423230e-13   -1.751449585346937731e-20
+9.095102137000005314e+03   +1.843579443706850079e-13   -1.423326678006720960e-20   +1.840585227419373142e-13   -1.555256868007420050e-20   -1.712898587087449173e-17   +5.002142752149439820e-32   +1.840413937560664420e-13   -1.555256868002418049e-20
+1.074875707100000363e+04   +1.852098572648569007e-13   -1.680207261517289553e-20   +1.852096932829925269e-13   -1.562162920822895494e-20   -1.129432763513814119e-20   +4.564905084548384211e-35   +1.852096819886648838e-13   -1.562162920822890980e-20
+1.240241200500000559e+04   +1.852102249222826647e-13   -1.596877967902883610e-20   +1.852102247313881958e-13   -1.555219148541290694e-20   -1.968005378445100357e-24   +2.583633109258712346e-39   +1.852102247294201835e-13   -1.555219148541290694e-20
+1.405606693900000391e+04   +1.852102251375824704e-13   -1.596881994138032261e-20   +1.852102251230604625e-13   -1.555219148541290694e-20   -9.183954101450621687e-29   -1.100218692439654094e-43   +1.852102251230603616e-13   -1.555219148541290694e-20
+1.570972187300000223e+04   +1.852102251375824704e-13   -1.596881994138032261e-20   +1.852102251230604625e-13   -1.555219148541290694e-20   -1.157800177521714977e-33   +6.676403465500153651e-49   +1.852102251230604625e-13   -1.555219148541290694e-20
+1.736337680700000783e+04   +1.852102251375824704e-13   -1.596881994138032261e-20   +1.852102251230604625e-13   -1.555219148541290694e-20   -3.966652033008082490e-39   +4.963833362450281087e-54   +1.852102251230604625e-13   -1.555219148541290694e-20
+1.901703174100000615e+04   +1.852102251375824704e-13   -1.596881994138032261e-20   +1.852102251230604625e-13   -1.555219148541290694e-20   -3.709007579641440180e-45   +3.382491945380524851e-60   +1.852102251230604625e-13   -1.555219148541290694e-20
+2.067068667500000447e+04   +1.852102251375824704e-13   -1.596881994138032261e-20   +1.852102251230604625e-13   -1.555219148541290694e-20   +2.395541454584280614e-54   +1.375336439055266621e-70   +1.852102251230604625e-13   -1.555219148541290694e-20
