# Original data was compressed by a factor of 5000; data points taken in the publication are the last data points, those are identical with the original data 
# t                         j_E_dir                     j_ortho                     j_intra_E_dir               j_intra_ortho               dtP_E_dir                   dtP_ortho                   j_intra_plus_dtP_E_dir      j_intra_plus_dtP_ortho     
-2.067068667499999719e+04   -1.357968590931806735e-21   -1.576236307924281344e-20   -1.790462532455978358e-21   -1.569292535642676845e-20   +1.707439265657784826e-31   -5.857337092165463010e-33   -1.790462532285234512e-21   -1.569292535643262448e-20
-1.901703174099999887e+04   -1.357968590931806735e-21   -1.576236307924281344e-20   -1.790462532455978358e-21   -1.569292535642676845e-20   -1.478539292324056211e-44   +3.083909694978546641e-59   -1.790462532455978358e-21   -1.569292535642676845e-20
-1.736337680699999692e+04   -1.357968590931806735e-21   -1.576236307924281344e-20   -1.790462532455978358e-21   -1.569292535642676845e-20   -1.633986736545672355e-38   -1.152771860968086571e-53   -1.790462532455978358e-21   -1.569292535642676845e-20
-1.570972187299999678e+04   -1.357968590936556108e-21   -1.576236307924281344e-20   -1.790462532455978358e-21   -1.569292535642676845e-20   -4.923568021285136593e-33   +5.667861687019799958e-48   -1.790462532460901892e-21   -1.569292535642676845e-20
-1.405606693899999664e+04   -1.357968981467265397e-21   -1.576236307924281344e-20   -1.790462532455978358e-21   -1.569292535642676845e-20   -4.027356162458453359e-28   +6.355697011412411691e-43   -1.790462935191594593e-21   -1.569292535642676845e-20
-1.240241200499999650e+04   -1.414383464941870614e-21   -1.576236307924281344e-20   -1.826266358283002870e-21   -1.569292535642676845e-20   -8.888604132139395282e-24   -4.676759677289672179e-38   -1.835154962415142137e-21   -1.569292535642676845e-20
-1.074875707099999636e+04   -5.898646933989544565e-19   -1.520686129671450773e-20   -5.332305822790004570e-19   -1.680392892148355442e-20   -5.247036415015677602e-20   -1.293965863420530363e-34   -5.857009464291572390e-19   -1.680392892148368381e-20
-9.095102136999996219e+03   -1.240864405110036835e-15   -1.284597901194215306e-20   -1.151702561422945419e-15   -1.562348771683328299e-20   -8.173947667568435116e-17   -1.778610543778361913e-31   -1.233442038098629671e-15   -1.562348771701114262e-20
-7.441447202999996080e+03   -7.297242489091706874e-13   -1.569650976918552512e-20   -6.931456433538316194e-13   -1.696351950965124555e-20   -3.286265044833935862e-14   +2.925326758838796896e-29   -7.260082938021710222e-13   -1.696351948039797665e-20
-5.787792268999995940e+03   -1.197481650365559488e-10   -1.556023142843423439e-20   -1.159877823435370433e-10   -1.520154596445168105e-20   -3.270061571029264471e-12   +3.440649643349683712e-27   -1.192578439145663110e-10   -1.520154252380203893e-20
-4.134137334999995801e+03   -5.485984467028091402e-09   -1.427882512178061335e-20   -5.396397852426088719e-09   -1.561117819605880513e-20   -7.311387099303169998e-11   -4.900079953302601741e-25   -5.469511723419120328e-09   -1.561166820405413582e-20
-2.480482400999997481e+03   -7.021537754432501243e-08   -1.533666471739617884e-20   -6.983064715275388371e-08   -1.624000587578251360e-20   -2.558457594140039886e-10   +4.484263546221123371e-24   -7.008649291216788274e-08   -1.623552161223629162e-20
-8.268274669999955222e+02   -2.517877470867679242e-07   -1.515154665321778942e-20   -2.519638115378212354e-07   -1.614076991544386597e-20   +3.315539977329421049e-10   -3.142548506784271130e-24   -2.516322575400882899e-07   -1.614391246395064893e-20
+8.268274670000027982e+02   -2.514755496435857711e-07   -1.594721236904769214e-20   -2.519638098563555383e-07   -1.600091237967407833e-20   +3.332495109019308058e-10   +3.870370349546986450e-24   -2.516305603454536034e-07   -1.599704200932453263e-20
+2.480482401000004756e+03   -6.995714823149926928e-08   -1.525330186630378730e-20   -6.983063451037640114e-08   -1.411405439412129044e-20   -2.557908034965175742e-10   -2.018779567993144983e-24   -7.008642531387291866e-08   -1.411607317368928428e-20
+4.134137335000003077e+03   -5.453249075826941224e-09   -1.573289620319068291e-20   -5.396381876413807704e-09   -1.474589942251341274e-20   -7.344988208052136559e-11   -3.485936253782360736e-25   -5.469831758494328940e-09   -1.474624801613879030e-20
+5.787792269000005035e+03   -1.187715226196816389e-10   -1.576295125392357491e-20   -1.159715422688304028e-10   -1.577726094394444157e-20   -3.295157248822854027e-12   -4.327017334406701492e-27   -1.192666995176532524e-10   -1.577726527096177662e-20
+7.441447203000003356e+03   -7.063380196791664332e-13   -1.632356807683601662e-20   -6.768998045961192735e-13   -1.432556159875239711e-20   -3.320215557069939296e-14   -3.943019055904468921e-27   -7.101019601668186349e-13   -1.432556554177145225e-20
+9.095102137000005314e+03   +1.501893025741522982e-14   -1.700735657143947218e-20   +1.509417083994861236e-14   -1.534085135629627351e-20   -8.278049154689825056e-17   +2.812821935935378135e-27   +1.501139034840171524e-14   -1.534084854347433788e-20
+1.074875707100000363e+04   +1.624529111518337540e-14   -1.610465041423931811e-20   +1.624534025126377230e-14   -1.541027305363689400e-20   -5.325373622434639224e-20   -2.641124645805479067e-28   +1.624528699752754889e-14   -1.541027331774935711e-20
+1.240241200500000559e+04   +1.624587178833956802e-14   -1.541027398073051519e-20   +1.624587161952960733e-14   -1.534083533082084902e-20   -9.034436745100659156e-24   +5.611915378922497110e-28   +1.624587161049517150e-14   -1.534083476962931050e-20
+1.405606693900000391e+04   +1.624587225474413715e-14   -1.534083539704181960e-20   +1.624587207629963520e-14   -1.541027305363689400e-20   +5.622742651368480186e-28   +8.342307269257070308e-29   +1.624587207630019687e-14   -1.541027297021382110e-20
+1.570972187300000223e+04   +1.624587225474434856e-14   -1.534083539704181960e-20   +1.624587207629963520e-14   -1.541027305363689400e-20   +5.617055245588591855e-28   -3.118711861541867916e-29   +1.624587207630019687e-14   -1.541027308482401324e-20
+1.736337680700000783e+04   +1.624587225474434540e-14   -1.534083539704181960e-20   +1.624587207629963520e-14   -1.541027305363689400e-20   +5.339924932659855785e-28   -1.726905014918364878e-30   +1.624587207630016847e-14   -1.541027305536380015e-20
+1.901703174100000615e+04   +1.624587225474384053e-14   -1.534083539704181960e-20   +1.624587207629963520e-14   -1.541027305363689400e-20   +5.999428387433499139e-29   +5.926106910501127137e-30   +1.624587207629969515e-14   -1.541027304771078650e-20
+2.067068667500000447e+04   +1.624587225474377427e-14   -1.534083539704181960e-20   +1.624587207629963520e-14   -1.541027305363689400e-20   +1.706384972660792875e-31   -5.876277648962411376e-33   +1.624587207629963520e-14   -1.541027305364277110e-20
