# Original data was compressed by a factor of 5000; data points taken in the publication are the last data points, those are identical with the original data 
# t                         j_E_dir                     j_ortho                     j_intra_E_dir               j_intra_ortho               dtP_E_dir                   dtP_ortho                   j_intra_plus_dtP_E_dir      j_intra_plus_dtP_ortho     
-2.067068667499999719e+04   -1.357968590931806735e-21   -1.576236307924281344e-20   -1.790462532455978358e-21   -1.569292535642676845e-20   +1.029805956937702489e-53   +8.368926717602062707e-61   -1.790462532455978358e-21   -1.569292535642676845e-20
-1.901703174099999887e+04   -1.357968590931806735e-21   -1.576236307924281344e-20   -1.790462532455978358e-21   -1.569292535642676845e-20   -1.314750000494317586e-44   -2.604349556778106024e-59   -1.790462532455978358e-21   -1.569292535642676845e-20
-1.736337680699999692e+04   -1.357968590931806735e-21   -1.576236307924281344e-20   -1.790462532455978358e-21   -1.569292535642676845e-20   -1.457900255425506825e-38   -5.062146511378444200e-53   -1.790462532455978358e-21   -1.569292535642676845e-20
-1.570972187299999678e+04   -1.357968590938582096e-21   -1.576236307924281344e-20   -1.790462532455978358e-21   -1.569292535642676845e-20   -4.410644507313801840e-33   -7.972827983065110089e-48   -1.790462532460389189e-21   -1.569292535642676845e-20
-1.405606693899999664e+04   -1.357969173759741037e-21   -1.576236307924281344e-20   -1.790462532455978358e-21   -1.569292535642676845e-20   -3.624815484634480286e-28   -4.101452960956953812e-43   -1.790462894937526691e-21   -1.569292535642676845e-20
-1.240241200499999650e+04   -1.419917748088683252e-21   -1.576236307924281344e-20   -1.826266358283002870e-21   -1.569292535642676845e-20   -8.044001848970842048e-24   +1.922312080397257526e-38   -1.834310360131973584e-21   -1.569292535642676845e-20
-1.074875707099999636e+04   -6.276684765171137596e-19   -1.416529545447379082e-20   -5.332305822790004570e-19   -1.680392892148356946e-20   -4.778421321050717456e-20   +1.435671629584421015e-34   -5.810147954895076677e-19   -1.680392892148342502e-20
-9.095102136999996219e+03   -1.313578221826655412e-15   -1.513742389791960386e-20   -1.151702561422983481e-15   -1.562348778788704074e-20   -7.497709975887383432e-17   +6.377996123442264684e-31   -1.226679661181857315e-15   -1.562348778724924195e-20
-7.441447202999996080e+03   -7.671592177631023303e-13   -1.682081532992928505e-20   -6.931456433473092922e-13   -1.698536944855270364e-20   -3.039294785811150462e-14   -9.451214593595811588e-29   -7.235385912054208410e-13   -1.698536954306485084e-20
-5.787792268999995940e+03   -1.248235307380273937e-10   -1.499460746384491443e-20   -1.159877823436430000e-10   -1.626055790971436619e-20   -3.053191601842616661e-12   +7.315202938846324378e-27   -1.190409739454856086e-10   -1.626055059451142822e-20
-4.134137334999995801e+03   -5.661053882306769663e-09   -1.459297906003861971e-20   -5.396397852227665461e-09   -1.404566850402642012e-20   -6.905874483545964734e-11   -9.882096177504255895e-26   -5.465456597063125444e-09   -1.404576732498819383e-20
-2.480482400999997481e+03   -7.162234559245045691e-08   -1.611558025202743436e-20   -6.983064674078121184e-08   -1.590145327948982666e-20   -2.463004355244102691e-10   +9.247041585780055468e-24   -7.007694717630562557e-08   -1.589220623790404525e-20
-8.268274669999955222e+02   -2.535539667449946775e-07   -1.500036337757376280e-20   -2.519638031096028528e-07   -1.599671698305032383e-20   +3.121358532146556675e-10   +3.268891170548582771e-24   -2.516516672563882097e-07   -1.599344809187977472e-20
+8.268274670000027982e+02   -2.497823574937932927e-07   -1.685937468250639515e-20   -2.519637840829745562e-07   -1.362782008028778818e-20   +3.274934357656523567e-10   -2.947828632757657293e-24   -2.516362906472089123e-07   -1.363076790892054445e-20
+2.480482401000004756e+03   -6.849358412562138266e-08   -1.540525456343123376e-20   -6.983050130256024966e-08   -1.605452418396464268e-20   -2.457869412776758432e-10   +2.441481875504132230e-24   -7.007628824383792633e-08   -1.605208270208913971e-20
+4.134137335000003077e+03   -5.262119146566782897e-09   -1.512257047457439865e-20   -5.396213112850720734e-09   -1.529581725394905653e-20   -7.210947234607334561e-11   +4.049064314918373628e-25   -5.468322585196793950e-09   -1.529541234751756493e-20
+5.787792269000005035e+03   -1.128289783996278378e-10   -1.511224583025706314e-20   -1.157999219026099490e-10   -1.660502442885640906e-20   -3.282060316092132007e-12   -9.310424655776352915e-27   -1.190819822187020927e-10   -1.660503373928106400e-20
+7.441447203000003356e+03   -4.904284404213636932e-13   -1.577051090774097311e-20   -5.052170738324990574e-13   -1.592128599730841954e-20   -3.350550243320072837e-14   +9.272512392530180567e-29   -5.387225762656997542e-13   -1.592128590458329459e-20
+9.095102137000005314e+03   +1.867910505368509511e-13   -1.553413276123571007e-20   +1.867772760962228788e-13   -1.421481337889189081e-20   -8.457906565744739607e-17   -1.165419536999377356e-31   +1.866926970305654425e-13   -1.421481337900843365e-20
+1.074875707100000363e+04   +1.879284448026874436e-13   -1.553393727692388999e-20   +1.879284460486403582e-13   -1.532562304894018065e-20   -5.505823125453332357e-20   -1.453984598594378621e-34   +1.879283909904090984e-13   -1.532562304894032510e-20
+1.240241200500000559e+04   +1.879289777191536610e-13   -1.546450856016014752e-20   +1.879289773216998895e-13   -1.532562304894018065e-20   -9.450878350212607296e-24   -3.091683376878785964e-38   +1.879289773122490077e-13   -1.532562304894018065e-20
+1.405606693900000391e+04   +1.879289780359763312e-13   -1.546449849457227664e-20   +1.879289777914896564e-13   -1.532562304894018065e-20   -4.335288349530095182e-28   +1.078711149589449843e-42   +1.879289777914892273e-13   -1.532562304894018065e-20
+1.570972187300000223e+04   +1.879289780359763312e-13   -1.546449849457227664e-20   +1.879289777914896564e-13   -1.532562304894018065e-20   -5.360945107267295945e-33   +1.885019723962102206e-48   +1.879289777914896564e-13   -1.532562304894018065e-20
+1.736337680700000783e+04   +1.879289780359763312e-13   -1.546449849457227664e-20   +1.879289777914896564e-13   -1.532562304894018065e-20   -1.797873377273282162e-38   +1.041674633119247422e-51   +1.879289777914896564e-13   -1.532562304894018065e-20
+1.901703174100000615e+04   +1.879289780359763312e-13   -1.546449849457227664e-20   +1.879289777914896564e-13   -1.532562304894018065e-20   -1.642361050120908121e-44   -3.824605304846186757e-54   +1.879289777914896564e-13   -1.532562304894018065e-20
+2.067068667500000447e+04   +1.879289780359763312e-13   -1.546449849457227664e-20   +1.879289777914896564e-13   -1.532562304894018065e-20   +1.032714275756610295e-53   +8.400926704234617932e-61   +1.879289777914896564e-13   -1.532562304894018065e-20
