# Original data was compressed by a factor of 5000; data points taken in the publication are the last data points, those are identical with the original data 
# t                         j_E_dir                     j_ortho                     j_intra_E_dir               j_intra_ortho               dtP_E_dir                   dtP_ortho                   j_intra_plus_dtP_E_dir      j_intra_plus_dtP_ortho     
-2.067068667499999719e+04   -1.357968590931806735e-21   -1.576236307924281344e-20   -1.790462532455978358e-21   -1.569292535642676845e-20   -3.155358326082728304e-36   +1.537307105773923665e-37   -1.790462532455981367e-21   -1.569292535642676845e-20
-1.901703174099999887e+04   -1.357968590931806735e-21   -1.576236307924281344e-20   -1.790462532455978358e-21   -1.569292535642676845e-20   -1.457699924664679290e-44   -6.166386850433946357e-60   -1.790462532455978358e-21   -1.569292535642676845e-20
-1.736337680699999692e+04   -1.357968590931806735e-21   -1.576236307924281344e-20   -1.790462532455978358e-21   -1.569292535642676845e-20   -1.611994892433850987e-38   +1.847805436832831169e-53   -1.790462532455978358e-21   -1.569292535642676845e-20
-1.570972187299999678e+04   -1.357968590936854966e-21   -1.576236307924281344e-20   -1.790462532455978358e-21   -1.569292535642676845e-20   -4.860917006744476453e-33   -6.829851243464342781e-48   -1.790462532460839450e-21   -1.569292535642676845e-20
-1.405606693899999664e+04   -1.357969009705116893e-21   -1.576236307924281344e-20   -1.790462532455978358e-21   -1.569292535642676845e-20   -3.979492265620689386e-28   -6.183955910527619990e-43   -1.790462930405205035e-21   -1.569292535642676845e-20
-1.240241200499999650e+04   -1.415111671999472624e-21   -1.576236307924281344e-20   -1.826266358283002870e-21   -1.569292535642676845e-20   -8.791429548408017946e-24   -9.821834645371038934e-39   -1.835057787831410754e-21   -1.569292535642676845e-20
-1.074875707099999636e+04   -5.953367043491137930e-19   -1.631786486177126961e-20   -5.332305822790004570e-19   -1.680392892148355743e-20   -5.195290257229797069e-20   -3.910333588675812208e-35   -5.851834848512983856e-19   -1.680392892148359655e-20
-9.095102136999996219e+03   -1.251393342286637577e-15   -1.416529575112321233e-20   -1.151702561422951532e-15   -1.562348772681203460e-20   -8.103110449773054146e-17   +3.201249929678245264e-31   -1.232733665920682074e-15   -1.562348772649190893e-20
-7.441447202999996080e+03   -7.350895012093694233e-13   -1.500426099791022937e-20   -6.931456433557991016e-13   -1.696656188113052514e-20   -3.262164455025442941e-14   +6.037610746724090436e-29   -7.257672879060534869e-13   -1.696656182075441792e-20
-5.787792268999995940e+03   -1.204672191341874644e-10   -1.722135663887610780e-20   -1.159877823437264547e-10   -1.567182229980921965e-20   -3.250978746199673401e-12   -1.370256068697109340e-26   -1.192387610899261346e-10   -1.567183600236990733e-20
-4.134137334999995801e+03   -5.510463943704965320e-09   -1.545617568956982009e-20   -5.396397852378257000e-09   -1.564838743179114304e-20   -7.281655308413285764e-11   -4.049869912083570438e-25   -5.469214405462389470e-09   -1.564879241878235226e-20
-2.480482400999997481e+03   -7.040903328605095991e-08   -1.559484686419475928e-20   -6.983064707354645639e-08   -1.550478096067913114e-20   -2.555276042166486143e-10   +3.939348238083920242e-24   -7.008617467776310624e-08   -1.550084161244104656e-20
-8.268274669999955222e+02   -2.520240983358064160e-07   -1.669234942975097209e-20   -2.519638100697246200e-07   -1.683575405882041584e-20   +3.300877447902792428e-10   +5.067522150889016202e-24   -2.516337223249343183e-07   -1.683068653666952823e-20
+8.268274670000027982e+02   -2.512420074554841783e-07   -1.595476758605991117e-20   -2.519638058650204591e-07   -1.551219640177293048e-20   +3.338132003093151373e-10   +5.387283219084905269e-24   -2.516299926647111251e-07   -1.550680911855384703e-20
+2.480482401000004756e+03   -6.976129614504690145e-08   -1.409001412813042977e-20   -6.983061543501673734e-08   -1.597552772860311801e-20   -2.554068704192076537e-10   +2.628618186313513764e-24   -7.008602230543594830e-08   -1.597289911041680547e-20
+4.134137335000003077e+03   -5.428135307206021940e-09   -1.596529499899608309e-20   -5.396357862211420783e-09   -1.462745016705849487e-20   -7.355481822327124339e-11   -1.780103809807245845e-25   -5.469912680434691819e-09   -1.462762817743947566e-20
+5.787792269000005035e+03   -1.180014860643363483e-10   -1.654060254740710792e-20   -1.159471305825248294e-10   -1.620251309232084169e-20   -3.306118608426869020e-12   -1.557434895780552427e-27   -1.192532491909517073e-10   -1.620251464975573665e-20
+7.441447203000003356e+03   -6.762946550619234761e-13   -1.590770566508240697e-20   -6.524794407582590216e-13   -1.515895254193625792e-20   -3.336761165211110535e-14   +1.807625448210004794e-28   -6.858470524103701396e-13   -1.515895236117371247e-20
+9.095102137000005314e+03   +3.945048898150094554e-14   -1.574625787376438175e-20   +3.951458671574755498e-14   -1.519075622367794497e-20   -8.331846181766087779e-17   +4.421640774870152394e-29   +3.943126825392989618e-14   -1.519075617946153651e-20
+1.074875707100000363e+04   +4.066571318844385718e-14   -1.595453051497714488e-20   +4.066575626699529885e-14   -1.526015381658445363e-20   -5.367415778142186781e-20   +1.326915887752378876e-29   +4.066570259283751772e-14   -1.526015380331529585e-20
+1.240241200500000559e+04   +4.066628804229705364e-14   -1.526015646542336702e-20   +4.066628763475621872e-14   -1.519071609376840564e-20   -9.121976046815559628e-24   +1.393812619867333412e-30   +4.066628762563424142e-14   -1.519071609237459208e-20
+1.405606693900000391e+04   +4.066628832076816542e-14   -1.526015355170056229e-20   +4.066628805029761152e-14   -1.519071609376840564e-20   -4.150187179071743710e-28   +2.921819975522818935e-31   +4.066628805029719500e-14   -1.519071609347622401e-20
+1.570972187300000223e+04   +4.066628832076816542e-14   -1.526015355170056229e-20   +4.066628805029761152e-14   -1.519071609376840564e-20   -9.211586738245837673e-32   -2.837437486914892902e-32   +4.066628805029761152e-14   -1.519071609379678000e-20
+1.736337680700000783e+04   +4.066628832076816542e-14   -1.526015355170056229e-20   +4.066628805029761152e-14   -1.519071609376840564e-20   -5.646695595495967241e-33   +9.743308165270208928e-33   +4.066628805029761152e-14   -1.519071609375866163e-20
+1.901703174100000615e+04   +4.066628832076816542e-14   -1.526015355170056229e-20   +4.066628805029761152e-14   -1.519071609376840564e-20   -4.167507513724646346e-33   -4.724355481207391720e-34   +4.066628805029761152e-14   -1.519071609376887809e-20
+2.067068667500000447e+04   +4.066628832076816542e-14   -1.526015355170056229e-20   +4.066628805029761152e-14   -1.519071609376840564e-20   -3.154465173043300545e-36   +1.528409175907490187e-37   +4.066628805029761152e-14   -1.519071609376840564e-20
