# Original data was compressed by a factor of 5000; data points taken in the publication are the last data points, those are identical with the original data 
# t                         j_E_dir                     j_ortho                     j_intra_E_dir               j_intra_ortho               dtP_E_dir                   dtP_ortho                   j_intra_plus_dtP_E_dir      j_intra_plus_dtP_ortho     
-2.067068667499999719e+04   -1.357968590931806735e-21   -1.576236307924281344e-20   -1.790462532455978358e-21   -1.569292535642676845e-20   +1.215363091908927705e-54   +8.528061232173653804e-71   -1.790462532455978358e-21   -1.569292535642676845e-20
-1.901703174099999887e+04   -1.357968590931806735e-21   -1.576236307924281344e-20   -1.790462532455978358e-21   -1.569292535642676845e-20   -1.512282685997490449e-45   -2.142088888748956025e-61   -1.790462532455978358e-21   -1.569292535642676845e-20
-1.736337680699999692e+04   -1.357968590931806735e-21   -1.576236307924281344e-20   -1.790462532455978358e-21   -1.569292535642676845e-20   -1.656031124668305788e-39   -1.159543650844700252e-54   -1.790462532455978358e-21   -1.569292535642676845e-20
-1.570972187299999678e+04   -1.357968590940335182e-21   -1.576236307924281344e-20   -1.790462532455978358e-21   -1.569292535642676845e-20   -4.949381929602380306e-34   +1.744684114935468420e-49   -1.790462532456473382e-21   -1.569292535642676845e-20
-1.405606693899999664e+04   -1.357969362278064489e-21   -1.576236307924281344e-20   -1.790462532455978358e-21   -1.569292535642676845e-20   -4.020082837311459739e-29   +1.718622707747862513e-44   -1.790462572656806710e-21   -1.569292535642676845e-20
-1.240241200499999650e+04   -1.424829280043703964e-21   -1.576236307924281344e-20   -1.826266358283002870e-21   -1.569292535642676845e-20   -8.821682765217574201e-25   -2.199996505766117295e-39   -1.827148526559524590e-21   -1.569292535642676845e-20
-1.074875707099999636e+04   -6.657212361960245013e-19   -1.520686129671443249e-20   -5.332305822790004570e-19   -1.680392892148356946e-20   -5.185192541790038111e-21   -1.258263348506939261e-35   -5.384157748207904695e-19   -1.680392892148358150e-20
-9.095102136999996219e+03   -1.394892640268379937e-15   -1.569292549778309904e-20   -1.151702561422924317e-15   -1.562348779379820423e-20   -8.056083084737483665e-18   +5.910610257796459668e-33   -1.159758644507661834e-15   -1.562348779379229403e-20
-7.441447202999996080e+03   -8.133190623383538186e-13   -1.712484047655718904e-20   -6.931456433552920092e-13   -1.699081336699588613e-20   -3.236216010596919101e-15   -6.989206426895317524e-30   -6.963818593658889674e-13   -1.699081337398509192e-20
-5.787792268999995940e+03   -1.316844486148236133e-10   -1.600846187693464594e-20   -1.159877823436800292e-10   -1.449857294509613150e-20   -3.224561017597513675e-13   -2.019553390992753238e-28   -1.163102384454397764e-10   -1.449857314705147163e-20
-4.134137334999995801e+03   -5.919981345922647344e-09   -1.563798570781347469e-20   -5.396397853296287686e-09   -1.615170515438007928e-20   -7.239944746081233728e-12   +5.726779071428607715e-27   -5.403637798042369016e-09   -1.615169942760100741e-20
-2.480482400999997481e+03   -7.391125469298131892e-08   -1.502832266695823465e-20   -6.983064801701824720e-08   -1.513933974396846790e-20   -2.561658512852362464e-11   +3.409850338995612469e-25   -6.985626460214676724e-08   -1.513899875893456756e-20
-8.268274669999955222e+02   -2.568902469662756632e-07   -1.498986523430758833e-20   -2.519638264571141377e-07   -1.525287586678551081e-20   +3.265332138330647707e-11   -5.924690048789204632e-25   -2.519311731357308094e-07   -1.525346833579038981e-20
+8.268274670000027982e+02   -2.470730910117681902e-07   -1.608445553392026741e-20   -2.519638183543726121e-07   -1.589534432852441987e-20   +3.393915728128439504e-11   +6.046827964631090600e-26   -2.519298791970913232e-07   -1.589528386024477268e-20
+2.480482401000004756e+03   -6.572251667605028445e-08   -1.565015402472147127e-20   -6.983056011077972392e-08   -1.505589655028077844e-20   -2.556847684820142492e-11   +3.291466662370177190e-25   -6.985612858762793066e-08   -1.505556740361454257e-20
+4.134137335000003077e+03   -4.864793850074196133e-09   -1.468726081728509777e-20   -5.396274498664741694e-09   -1.545578434431439246e-20   -7.497788915110006340e-12   -1.030526932918364049e-25   -5.403772287579851828e-09   -1.545588739700768389e-20
+5.787792269000005035e+03   -9.980886139511951572e-11   -1.404242111495075514e-20   -1.158614838481174563e-10   -1.539429737638133602e-20   -3.421384408954516618e-13   -1.885020375326739365e-27   -1.162036222890129062e-10   -1.539429926140171172e-20
+7.441447203000003356e+03   -4.429985487222421339e-13   -1.460953328820512047e-20   -5.667828648825320652e-13   -1.648281759673966454e-20   -3.509675962638377054e-15   -3.105164182890863741e-30   -5.702925408451704363e-13   -1.648281759984482936e-20
+9.095102137000005314e+03   +1.254637333535197279e-13   -1.700278043733237784e-20   +1.252114616838490409e-13   -1.422526516747708099e-20   -8.921966618197868407e-18   -1.540130274856355291e-32   +1.252025397172308358e-13   -1.422526516749248241e-20
+1.074875707100000363e+04   +1.263627701108712547e-13   -1.512769491833660345e-20   +1.263626317975481352e-13   -1.769689278160149791e-20   -5.861604230609240064e-21   +8.302173639478235397e-36   +1.263626259359439119e-13   -1.769689278160148888e-20
+1.240241200500000559e+04   +1.263631635564053524e-13   -1.568316491479802073e-20   +1.263631633049522912e-13   -1.547488777055910484e-20   -1.017675338977459897e-24   -4.969379832559060087e-39   +1.263631633039346227e-13   -1.547488777055910484e-20
+1.405606693900000391e+04   +1.263631638951610568e-13   -1.568319670086498439e-20   +1.263631637335133599e-13   -1.547488777055910484e-20   -4.731860889477011149e-29   -1.630026119652403404e-43   +1.263631637335133094e-13   -1.547488777055910484e-20
+1.570972187300000223e+04   +1.263631638951610568e-13   -1.568319670086498439e-20   +1.263631637335133599e-13   -1.547488777055910484e-20   -5.943515300064248880e-34   +5.501233283065450289e-49   +1.263631637335133599e-13   -1.547488777055910484e-20
+1.736337680700000783e+04   +1.263631638951610568e-13   -1.568319670086498439e-20   +1.263631637335133599e-13   -1.547488777055910484e-20   -2.028742316603500609e-39   +2.201589340313815583e-54   +1.263631637335133599e-13   -1.547488777055910484e-20
+1.901703174100000615e+04   +1.263631638951610568e-13   -1.568319670086498439e-20   +1.263631637335133599e-13   -1.547488777055910484e-20   -1.889892571276277035e-45   +4.835427028147141956e-60   +1.263631637335133599e-13   -1.547488777055910484e-20
+2.067068667500000447e+04   +1.263631638951610568e-13   -1.568319670086498439e-20   +1.263631637335133599e-13   -1.547488777055910484e-20   +1.215734934050201616e-54   +1.015045055119396382e-70   +1.263631637335133599e-13   -1.547488777055910484e-20
