# Original data was compressed by a factor of 5000; data points taken in the publication are the last data points, those are identical with the original data 
# t                         j_E_dir                     j_ortho                     j_intra_E_dir               j_intra_ortho               dtP_E_dir                   dtP_ortho                   j_intra_plus_dtP_E_dir      j_intra_plus_dtP_ortho     
-2.067068667499999719e+04   -1.357968590931806735e-21   -1.576236307924281344e-20   -1.790462532455978358e-21   -1.569292535642676845e-20   -1.490283720845412620e-32   -7.831337891463649752e-34   -1.790462532470881369e-21   -1.569292535642755086e-20
-1.901703174099999887e+04   -1.357968590931806735e-21   -1.576236307924281344e-20   -1.790462532455978358e-21   -1.569292535642676845e-20   -1.474996416643718637e-44   -7.276214533001672834e-60   -1.790462532455978358e-21   -1.569292535642676845e-20
-1.736337680699999692e+04   -1.357968590931806735e-21   -1.576236307924281344e-20   -1.790462532455978358e-21   -1.569292535642676845e-20   -1.630259428314278895e-38   +3.293936321448171232e-53   -1.790462532455978358e-21   -1.569292535642676845e-20
-1.570972187299999678e+04   -1.357968590936607642e-21   -1.576236307924281344e-20   -1.790462532455978358e-21   -1.569292535642676845e-20   -4.912988821874217758e-33   +3.694755441061550477e-48   -1.790462532460891360e-21   -1.569292535642676845e-20
-1.405606693899999664e+04   -1.357968986369014209e-21   -1.576236307924281344e-20   -1.790462532455978358e-21   -1.569292535642676845e-20   -4.019310277947697080e-28   +1.074849465857832618e-42   -1.790462934387006138e-21   -1.569292535642676845e-20
-1.240241200499999650e+04   -1.414509738599786716e-21   -1.576236307924281344e-20   -1.826266358283002870e-21   -1.569292535642676845e-20   -8.872360212354335513e-24   +4.156302453055340581e-38   -1.835138718495357142e-21   -1.569292535642676845e-20
-1.074875707099999636e+04   -5.908225512975556984e-19   -1.638730258458731761e-20   -5.332305822790004570e-19   -1.680392892148355442e-20   -5.238447698719233228e-20   -4.192221065810425648e-34   -5.856150592661927471e-19   -1.680392892148397270e-20
-9.095102136999996219e+03   -1.242687637250473154e-15   -1.520686158869033522e-20   -1.151702561422946207e-15   -1.562348771855475441e-20   -8.162300413351356389e-17   +1.662752287844349404e-31   -1.233325565556459796e-15   -1.562348771838848045e-20
-7.441447202999996080e+03   -7.306516790732516835e-13   -1.472475481371565472e-20   -6.931456433541750327e-13   -1.696404375937047638e-20   -3.282354683243190005e-14   -4.019290418456712147e-29   -7.259691901866069201e-13   -1.696404379956337946e-20
-5.787792268999995940e+03   -1.198722448547288532e-10   -1.605320345783139919e-20   -1.159877823436580055e-10   -1.466208791983068222e-20   -3.267029925830322951e-12   -1.542727125929307176e-28   -1.192548122694883228e-10   -1.466208807410339438e-20
-4.134137334999995801e+03   -5.490200560988180500e-09   -1.558591169704253973e-20   -5.396397852417383470e-09   -1.586432166094587416e-20   -7.306864681138610905e-11   +6.334074192679830956e-25   -5.469466499228769734e-09   -1.586368825352660684e-20
-2.480482400999997481e+03   -7.024865647003555497e-08   -1.508975867785269215e-20   -6.983064713874383965e-08   -1.509671385007477041e-20   -2.558126311725240717e-10   +6.503143227260039736e-24   -7.008645976991636165e-08   -1.509021070684751121e-20
-8.268274669999955222e+02   -2.518282056951370693e-07   -1.550698527475728129e-20   -2.519638112822879123e-07   -1.552590467291846872e-20   +3.313294548422781478e-10   +3.034426417350469970e-24   -2.516324818274456122e-07   -1.552287024650111793e-20
+8.268274670000027982e+02   -2.514354090793435375e-07   -1.358530237490846747e-20   -2.519638091668283676e-07   -1.535473954982501945e-20   +3.333743867013470996e-10   +7.837249675218218115e-24   -2.516304347801270026e-07   -1.534690230014980145e-20
+2.480482401000004756e+03   -6.992361922469862944e-08   -1.551930197837957027e-20   -6.983063123144298795e-08   -1.475028980679169295e-20   -2.557463708721070992e-10   +1.382310879497413753e-23   -7.008637760231509753e-08   -1.473646669799671905e-20
+4.134137335000003077e+03   -5.448959716770119198e-09   -1.558416667947424942e-20   -5.396377749874198689e-09   -1.528689715646564589e-20   -7.347389030662312473e-11   -5.049858455375612752e-25   -5.469851640180822046e-09   -1.528740214231118372e-20
+5.787792269000005035e+03   -1.186402399649235868e-10   -1.707818645776752270e-20   -1.159673474872209626e-10   -1.740551507098836189e-20   -3.297295397117539174e-12   -2.612186998247039418e-26   -1.192646428843384970e-10   -1.740554119285834515e-20
+7.441447203000003356e+03   -7.011851658936714338e-13   -1.571978484789432031e-20   -6.727035334179854253e-13   -1.552704996464372842e-20   -3.323297499061303644e-14   -2.881256414187449642e-27   -7.059365084085984113e-13   -1.552705284590014203e-20
+9.095102137000005314e+03   +1.921710265949361138e-14   -1.598488700357840151e-20   +1.929045113317231411e-14   -1.549882320874995990e-20   -8.287836205842397969e-17   -5.282120364803842763e-28   +1.920757277111389145e-14   -1.549882373696199743e-20
+1.074875707100000363e+04   +2.044157235415150529e-14   -1.501273901786188219e-20   +2.044162048467458556e-14   -1.660980670885195062e-20   -5.332909371460788400e-20   -3.174914045459970334e-28   +2.044156715558087170e-14   -1.660980702634335566e-20
+1.240241200500000559e+04   +2.044215219320632976e-14   -1.660980816571335448e-20   +2.044215189634542508e-14   -1.445723730155447483e-20   -9.053485869252932826e-24   -2.017262777779037816e-28   +2.044215188729193984e-14   -1.445723750328075268e-20
+1.405606693900000391e+04   +2.044215258136298105e-14   -1.542936542097914073e-20   +2.044215229886724608e-14   -1.445723730155447483e-20   -4.035952738129860591e-28   -6.544417798308468233e-29   +2.044215229886684218e-14   -1.445723736699865166e-20
+1.570972187300000223e+04   +2.044215258136329975e-14   -1.542936535475817015e-20   +2.044215229886724608e-14   -1.445723730155447483e-20   +7.355057546655977951e-29   -1.247971220361892087e-30   +2.044215229886731866e-14   -1.445723730280244734e-20
+1.736337680700000783e+04   +2.044215258136317669e-14   -1.542936535475817015e-20   +2.044215229886724608e-14   -1.445723730155447483e-20   -3.859934777296273325e-29   -4.517571915271731592e-30   +2.044215229886720822e-14   -1.445723730607204745e-20
+1.901703174100000615e+04   +2.044215258136318931e-14   -1.542936535475817015e-20   +2.044215229886724608e-14   -1.445723730155447483e-20   -1.308641966543136559e-29   -5.202754964824614671e-31   +2.044215229886723346e-14   -1.445723730207474976e-20
+2.067068667500000447e+04   +2.044215258136319247e-14   -1.542936535475817015e-20   +2.044215229886724608e-14   -1.445723730155447483e-20   -1.479096224932040321e-32   -7.841991160077229349e-34   +2.044215229886724608e-14   -1.445723730155526025e-20
