# Original data was compressed by a factor of 5000; data points taken in the publication are the last data points, those are identical with the original data 
# t                         j_E_dir                     j_ortho                     j_intra_E_dir               j_intra_ortho               dtP_E_dir                   dtP_ortho                   j_intra_plus_dtP_E_dir      j_intra_plus_dtP_ortho     
-2.067068667499999719e+04   +2.389905373953889932e-21   -2.499758021377715379e-21   +2.058211407982506189e-21   -3.749637032066572880e-21   +3.460240805989984254e-46   -2.545163279469985799e-48   +2.058211407982506189e-21   -3.749637032066572880e-21
-1.963715234124999552e+04   +2.389905373953889932e-21   -2.499758021377715379e-21   +2.058211407982506189e-21   -3.749637032066572880e-21   +7.876891276996171022e-46   +7.862492257070178698e-61   +2.058211407982506189e-21   -3.749637032066572880e-21
-1.860361800749999747e+04   +2.389905373953889932e-21   -2.499758021377715379e-21   +2.058211407982506189e-21   -3.749637032066572880e-21   +7.049262070732699692e-42   -6.249590726874114166e-57   +2.058211407982506189e-21   -3.749637032066572880e-21
-1.757008367374999580e+04   +2.389905373953889932e-21   -2.499758021377715379e-21   +2.058211407982506189e-21   -3.749637032066572880e-21   +3.788900221224714242e-38   -1.749458653992402945e-54   +2.058211407982506189e-21   -3.749637032066572880e-21
-1.653654933999999776e+04   +2.389905373954035882e-21   -2.499758021377715379e-21   +2.058211407982506189e-21   -3.749637032066572880e-21   +1.221586238332186426e-34   +4.678664674270828539e-50   +2.058211407982628440e-21   -3.749637032066572880e-21
-1.550301500624999608e+04   +2.389905374243844704e-21   -2.499758021377715379e-21   +2.058211407982506189e-21   -3.749637032066572880e-21   +2.358999182858927312e-31   -3.615293254703174452e-46   +2.058211408218406276e-21   -3.749637032066572880e-21
-1.446948067249999804e+04   +2.389905714772147550e-21   -2.499758021377715379e-21   +2.058211407982506189e-21   -3.749637032066572880e-21   +2.723537729153940708e-28   +6.007808004491414573e-43   +2.058211680336278941e-21   -3.749637032066572880e-21
-1.343594633874999636e+04   +2.390144968474020347e-21   -2.499758021377715379e-21   +2.058211407982506189e-21   -3.749637032066572880e-21   +1.875694673928202985e-25   +3.133701931013490853e-40   +2.058398977449899007e-21   -3.749637032066572880e-21
-1.240241200499999650e+04   +3.062419492811459580e-21   -2.499758021377715379e-21   +2.959460836222140141e-21   -3.749637032066572880e-21   +7.683874193379975226e-23   +2.595722522656824690e-38   +3.036299578155939882e-21   -3.749637032066572880e-21
-1.136887767124999664e+04   +2.165658692719605892e-19   -3.124697526722145822e-21   +1.888373112140415227e-19   -3.124697526722144318e-21   +1.865513190133256173e-20   +1.652478368695816733e-34   +2.074924431153740784e-19   -3.124697526721979184e-21
-1.033534333749999678e+04   +3.642353159326797354e-17   -2.499758021377975680e-21   +3.236791702159335199e-17   -3.749637032066572880e-21   +2.671246787318843513e-18   -2.657997405609826561e-32   +3.503916380891219512e-17   -3.749637032093152970e-21
-9.301809003749996918e+03   +3.721358331866746732e-15   -2.499758021403838061e-21   +3.366811384213454128e-15   -2.499758021377715379e-21   +2.241057317799493965e-16   +3.109925608416571388e-31   +3.590917115993403179e-15   -2.499758021066722832e-21
-8.268274669999997059e+03   +2.279729051599718915e-13   -3.124697528131903220e-21   +2.098058239529217013e-13   -3.124697526722144318e-21   +1.091226158290767903e-14   -2.092756107710167625e-29   +2.207180855358293929e-13   -3.124697547649705344e-21
-7.234740336249997199e+03   +8.346316854158630054e-12   -3.749637078651244732e-21   +7.806024261233071443e-12   -3.749637032066572128e-21   +3.040235455234424440e-13   -2.075755158638849907e-27   +8.110047806756513130e-12   -3.749639107821730573e-21
-6.201206002499997339e+03   +1.817461209047901892e-10   -3.749637933301656552e-21   +1.725600167396123319e-10   -3.749637032066288504e-21   +4.734706121013713545e-12   +5.483403670568970191e-26   +1.772947228606260462e-10   -3.749582198029582890e-21
-5.167671668749997480e+03   +2.336429234374186137e-09   -3.749645716754771298e-21   +2.249411579240421134e-09   -4.374576537338249063e-21   +3.947098795092923770e-11   +6.066965547374850805e-25   +2.288882567191350553e-09   -4.373969840783511819e-21
-4.134137334999995801e+03   +1.751034309478864085e-08   -2.499814377236331466e-21   +1.707384539080949226e-08   -2.499758020213674669e-21   +1.593817094406513335e-10   -3.151263347397929077e-24   +1.723322710025014351e-08   -2.502909283561072437e-21
-3.100603001249997760e+03   +7.473526136807407203e-08   -3.124852372050696820e-21   +7.371953908910855061e-08   -3.124697508097495590e-21   +2.104966808201365683e-10   -4.213337621762103960e-24   +7.393003576992868504e-08   -3.128910845719257675e-21
-2.067068667499996081e+03   +1.723402265856510132e-07   -3.124853377781721700e-21   +1.718387941154041643e-07   -3.124697414974252706e-21   -3.155613567085494464e-10   -8.206466587971332814e-24   +1.715232327586956045e-07   -3.132903881562224030e-21
-1.033534333749998041e+03   +1.802418394243784142e-07   -3.124526105456327953e-21   +1.819352051323992668e-07   -3.124697452223549784e-21   -8.573344648422622533e-10   -8.738427268059019017e-24   +1.810778706675569957e-07   -3.133435879491608918e-21
+3.637978807091712952e-12   -2.209808269853919686e-09   -3.124296724284033688e-21   -5.496620164888391225e-14   -3.124697079730577495e-21   -1.125157975124868958e-11   -1.847554223536119566e-23   -1.130654595289757391e-11   -3.143172621965938520e-21
+1.033534333750001679e+03   -1.819520567491795769e-07   -2.499594124469937827e-21   -1.819353215302980997e-07   -3.749636436077817368e-21   +8.559420635290010800e-10   -2.000979468459278883e-24   -1.810793794667691008e-07   -3.751637415546276727e-21
+2.067068667500003357e+03   -1.707062170599002243e-07   -1.874972579126597286e-21   -1.718388996799408078e-07   -3.124697526722144318e-21   +3.293511881494402520e-10   -1.584240895084015092e-23   -1.715095484917913592e-07   -3.140539935672984645e-21
+3.100603001250001398e+03   -7.311298689847030987e-08   -3.749790499171128214e-21   -7.371958305940587204e-08   -3.124696632739011049e-21   -2.076170560539279976e-10   +7.294096356702651200e-24   -7.392720011545979729e-08   -3.117402536382308339e-21
+4.134137335000003077e+03   -1.695190588426390460e-08   -2.499812554348848519e-21   -1.707385536536202174e-08   -2.499757425388959866e-21   -1.619947464520842812e-10   -2.623165779563925412e-24   -1.723585011181410765e-08   -2.502380591168523917e-21
+5.167671668750001118e+03   -2.240849227638712288e-09   -1.874827157870242121e-21   -2.249412847295269188e-09   -3.749637032066572880e-21   -4.067068888763471009e-11   +3.098961398394232031e-25   -2.290083536182903995e-09   -3.749327135926733636e-21
+6.201206002500002796e+03   -1.728382286693838447e-10   -3.124697824716522074e-21   -1.725600668384184258e-10   -3.749637032066572880e-21   -4.931084261078872672e-12   +2.692013892654763004e-26   -1.774911510994972887e-10   -3.749610111927646021e-21
+7.234740336250000837e+03   -7.876482611414639952e-12   -3.124697228727766561e-21   -7.805977743579431900e-12   -3.749636436077817368e-21   -3.196292751894196223e-13   -2.279962033039531049e-27   -8.125607018768851724e-12   -3.749638716039850676e-21
+8.268274670000002516e+03   -2.136143129733792239e-13   -3.124696930733388805e-21   -2.097548516455667388e-13   -4.374575345433490794e-21   -1.157181961322803187e-14   -4.144810941401700414e-29   -2.213266712587947706e-13   -4.374575386881599903e-21
+9.301809003750000556e+03   -3.415542226032313906e-15   -3.124696930733388805e-21   -3.315717328995482524e-15   -3.749636436077817368e-21   -2.395678240366107813e-16   -5.881786804783933870e-32   -3.555285153032093699e-15   -3.749636436136634967e-21
+1.033534333750000224e+04   +1.734467677131966703e-17   -3.124696930733388805e-21   +1.872822829334181687e-17   -3.124697228727766561e-21   -2.877116596292061341e-18   +7.984912145595829579e-33   +1.585111169704975669e-17   -3.124697228719781475e-21
+1.136887767125000391e+04   +5.089585689376536059e-17   -2.499757723383337623e-21   +5.090669669440972863e-17   -3.124696930733388805e-21   -2.023524335643277833e-20   +2.134851654964507137e-34   +5.088646145105329540e-17   -3.124696930733175147e-21
+1.240241200500000559e+04   +5.109306313558950720e-17   -4.374575941422246306e-21   +5.109299285047064152e-17   -3.124696930733388805e-21   -8.390091514922359544e-23   -2.711257470528762670e-35   +5.109290894955549490e-17   -3.124696930733415889e-21
+1.343594633875000000e+04   +5.109356980303450963e-17   -4.374575941422246306e-21   +5.109370155284980371e-17   -3.124696930733388805e-21   -2.060827603096873010e-25   -2.292820464585457407e-37   +5.109370134676704128e-17   -3.124696930733389181e-21
+1.446948067250000167e+04   +5.109356991618187081e-17   -4.374576537411001819e-21   +5.109370155284980371e-17   -3.124696930733388805e-21   -3.009733410710249388e-28   -8.719427609455666528e-39   +5.109370155254882863e-17   -3.124696930733388805e-21
+1.550301500625000335e+04   +5.109356991618187697e-17   -4.374576537411001819e-21   +5.109370155284980371e-17   -3.124696930733388805e-21   -2.620984910460235608e-31   +3.125262250170499705e-38   +5.109370155284953871e-17   -3.124696930733388805e-21
+1.653654934000000503e+04   +5.109356991618187697e-17   -4.374576537411001819e-21   +5.109370155284980371e-17   -3.124696930733388805e-21   -1.363829140932198513e-34   -1.224606102120151338e-39   +5.109370155284980371e-17   -3.124696930733388805e-21
+1.757008367374999943e+04   +5.109356991618187697e-17   -4.374576537411001819e-21   +5.109370155284980371e-17   -3.124696930733388805e-21   -3.988207201301442626e-38   -1.151353995978844902e-41   +5.109370155284980371e-17   -3.124696930733388805e-21
+1.860361800750000111e+04   +5.109356991618187697e-17   -4.374576537411001819e-21   +5.109370155284980371e-17   -3.124696930733388805e-21   -1.033066043615410741e-40   -3.473061971545886653e-42   +5.109370155284980371e-17   -3.124696930733388805e-21
+1.963715234125000279e+04   +5.109356991618187697e-17   -4.374576537411001819e-21   +5.109370155284980371e-17   -3.124696930733388805e-21   +5.089076303981726064e-42   -3.480502147899643174e-43   +5.109370155284980371e-17   -3.124696930733388805e-21
+2.067068667500000447e+04   +5.109356991618187697e-17   -4.374576537411001819e-21   +5.109370155284980371e-17   -3.124696930733388805e-21   +3.468100036335634428e-46   -2.737334939247509770e-48   +5.109370155284980371e-17   -3.124696930733388805e-21
