# Original data was compressed by a factor of 5000; data points taken in the publication are the last data points, those are identical with the original data 
# t                         j_E_dir                     j_ortho                     j_intra_E_dir               j_intra_ortho               dtP_E_dir                   dtP_ortho                   j_intra_plus_dtP_E_dir      j_intra_plus_dtP_ortho     
-2.067068667499999719e+04   +1.768271910189073403e-20   +1.199883850261303231e-20   +1.774507355699987503e-20   +1.199883850261303231e-20   -2.551504409427609382e-32   -6.558717414419167221e-45   +1.774507355697435947e-20   +1.199883850261303231e-20
-1.984385920799999803e+04   +1.768271910189073403e-20   +1.199883850261303231e-20   +1.774507355699987503e-20   +1.199883850261303231e-20   +1.960441855113827291e-44   +2.414214000710248052e-59   +1.774507355699987503e-20   +1.199883850261303231e-20
-1.901703174099999887e+04   +1.768271910189073403e-20   +1.199883850261303231e-20   +1.774507355699987503e-20   +1.199883850261303231e-20   +3.211746582046135115e-41   -5.215687144141114219e-56   +1.774507355699987503e-20   +1.199883850261303231e-20
-1.819020427399999608e+04   +1.768271910189073403e-20   +1.199883850261303231e-20   +1.774507355699987503e-20   +1.199883850261303231e-20   +3.797940222461094195e-38   -1.011190741258090243e-52   +1.774507355699987503e-20   +1.199883850261303231e-20
-1.736337680699999692e+04   +1.768271910189077014e-20   +1.199883850261303231e-20   +1.774507355699987503e-20   +1.199883850261303231e-20   +3.239817180094802733e-35   +1.775483139553225247e-49   +1.774507355699990813e-20   +1.199883850261303231e-20
-1.653654933999999776e+04   +1.768271910191502783e-20   +1.199883850261303231e-20   +1.774507355699987503e-20   +1.199883850261303231e-20   +1.992358890549322477e-32   -5.723147408495011826e-47   +1.774507355701979938e-20   +1.199883850261303231e-20
-1.570972187299999678e+04   +1.768271911279802762e-20   +1.199883850261303231e-20   +1.774507355699987503e-20   +1.199883850261303231e-20   +8.825749319432745707e-30   +8.214162062396867308e-44   +1.774507356582562354e-20   +1.199883850261303231e-20
-1.488289440599999580e+04   +1.768272262770043926e-20   +1.199883850261303231e-20   +1.774507355699987503e-20   +1.199883850261303231e-20   +2.813694684540855696e-27   +1.059894429467559492e-41   +1.774507637069456086e-20   +1.199883850261303231e-20
-1.405606693899999664e+04   +1.768353973252739157e-20   +1.199883850261303231e-20   +1.774507355699987503e-20   +1.199883850261303231e-20   +6.448755329934017725e-25   -5.547051502377190381e-40   +1.774571843253286877e-20   +1.199883850261303231e-20
-1.322923947199999748e+04   +1.858761056882718260e-20   +1.199883850261303231e-20   +1.832258461774227115e-20   +1.199883850261303231e-20   +1.061179932412751190e-22   +4.291391805736833432e-38   +1.842870261098354523e-20   +1.199883850261303231e-20
-1.240241200499999650e+04   +1.382037775120755001e-19   +1.028471871652545584e-20   +1.204985197964527787e-19   +1.199883850261303231e-20   +1.251811996872156980e-20   -2.201065172287383103e-35   +1.330166397651743530e-19   +1.199883850261300974e-20
-1.157558453799999734e+04   +1.150228228845031681e-17   +1.028471871652545584e-20   +9.961752770071958661e-18   +1.028471871652545584e-20   +1.056559873761783593e-18   +4.961564623129789753e-33   +1.101831264383374245e-17   +1.028471871653041812e-20
-1.074875707099999636e+04   +7.895494469608739011e-16   +9.427658823481668354e-21   +6.943008865300387182e-16   +1.199883850261303231e-20   +6.365231973838354771e-17   -2.109498812857215655e-31   +7.579532062684223029e-16   +1.199883850240208280e-20
-9.921929603999997198e+03   +3.919804072314186151e-14   +1.285589839565682130e-20   +3.499071617297668126e-14   +1.114177860956924483e-20   +2.728810029606794112e-15   +2.274356741016452935e-29   +3.771952620258347459e-14   +1.114177863231281184e-20
-9.095102136999996219e+03   +1.404047330232279802e-12   +1.199883850261303231e-20   +1.271650467443707538e-12   +1.028471871652545584e-20   +8.291586829901024226e-14   +3.759994818570481195e-28   +1.354566335742717856e-12   +1.028471909252493793e-20
-8.268274669999997059e+03   +3.623843365103778976e-11   +1.199883850261303231e-20   +3.328162502694115115e-11   +1.285589839565682130e-20   +1.776112763923969181e-12   -4.699796319103869764e-27   +3.505773779086512053e-11   +1.285589369586050208e-20
-7.441447202999996080e+03   +6.728077877475495084e-10   +1.285589839565682130e-20   +6.261844410187954831e-10   +1.114177860956924483e-20   +2.661932110107695679e-11   -1.502317817650724002e-25   +6.528037621198724787e-10   +1.114162837778748035e-20
-6.614619735999996919e+03   +8.964837147128520003e-09   +1.028471871652545584e-20   +8.449547497732047027e-09   +1.199883850261303231e-20   +2.760475667500596655e-10   +3.099088003428261049e-24   +8.725595064482106744e-09   +1.200193759061646056e-20
-5.787792268999995940e+03   +8.549271003752566739e-08   +1.199883850261303231e-20   +8.154415303154292920e-08   +1.199883850261303231e-20   +1.946157038877068276e-09   -5.061349466523985552e-24   +8.349031007041999127e-08   +1.199377715314650888e-20
-4.960964801999996780e+03   +5.826351740702402583e-07   +1.114177860956924483e-20   +5.620118333252031792e-07   +1.199883850261303231e-20   +9.052211886510747504e-09   -1.923312797279114686e-22   +5.710640452117139151e-07   +1.180650722288512068e-20
-4.134137334999995801e+03   +2.788926531439037389e-06   +9.427658823481668354e-21   +2.716924769822389947e-06   +1.114177860956924483e-20   +2.676674035266989733e-08   +0.000000000000000000e+00   +2.743691510175059685e-06   +1.114177860956924483e-20
-3.307309867999996641e+03   +9.159031579590313555e-06   +9.427658823481668354e-21   +8.979963790262824729e-06   +1.028471871652545584e-20   +5.924903942360012397e-08   -5.182821853720561205e-21   +9.039212829686424965e-06   +5.101896862804894634e-21
-2.480482400999997481e+03   +1.874574568553022099e-05   +9.427658823481668354e-21   +1.813214702121322255e-05   +9.427658823481668354e-21   +3.980741876769270907e-07   +0.000000000000000000e+00   +1.853022120889015107e-05   +9.427658823481668354e-21
-1.653654933999994682e+03   +2.202940029436638151e-05   +6.856479144350304394e-21   +2.183807646038483070e-05   +6.856479144350304394e-21   -3.455166493684868145e-07   -5.441962946406589416e-20   +2.149255981101634336e-05   -4.756315031971558826e-20
-8.268274669999955222e+02   +1.820293976801280129e-05   +7.713539037394091879e-21   +1.912128027925060945e-05   +6.856479144350304394e-21   -2.128702929133712708e-07   -4.146257482976448964e-20   +1.890840998633723738e-05   -3.460609568541418374e-20
+3.637978807091712952e-12   -2.845784942389506132e-06   +1.028471871652545584e-20   -2.475421056538538664e-06   +9.427658823481668354e-21   -1.912437408890878005e-08   -6.640490500006425611e-21   -2.494545430627447543e-06   +2.787168323475242742e-21
+8.268274670000027982e+02   -2.366322937980791001e-05   +7.713539037394091879e-21   -2.262350567562825942e-05   +6.856479144350304394e-21   -1.896329231165208433e-07   -2.591410926860280903e-20   -2.281313859874477891e-05   -1.905763012425250313e-20
+1.653654934000005596e+03   -2.430453258601217718e-05   +5.570889304784622414e-21   -2.482554252669132039e-05   +5.999419251306516157e-21   +5.541173609620297337e-07   -1.943558195145210828e-21   -2.427142516572929193e-05   +4.055861056161305329e-21
+2.480482401000004756e+03   -1.897428374822888067e-05   +6.856479144350304394e-21   -1.924756456274854434e-05   +6.856479144350304394e-21   -6.520581148413634294e-08   -1.036564370744112241e-20   -1.931277037423268194e-05   -3.509164563090818016e-21
+3.307309868000003917e+03   -9.142035092268300777e-06   +9.427658823481668354e-21   -9.220780971705480600e-06   +1.028471871652545584e-20   -5.382610268511774330e-08   +0.000000000000000000e+00   -9.274607074390597529e-06   +1.028471871652545584e-20
+4.134137335000003077e+03   -2.761379046344715253e-06   +1.028471871652545584e-20   -2.780503208287162049e-06   +1.114177860956924483e-20   -2.699086578116844607e-08   +8.098159146438377823e-22   -2.807494074068330687e-06   +1.195159452421308336e-20
+4.960964802000002237e+03   -5.713893672914095259e-07   +8.570598930437880869e-21   -5.740002562163303158e-07   +1.028471871652545584e-20   -9.153801203615563380e-09   -2.024539786609594221e-23   -5.831540574199458891e-07   +1.026447331865936059e-20
+5.787792269000005035e+03   -8.212483008256650317e-08   +9.427658823481668354e-21   -8.219094020955536086e-08   +8.570598930437880869e-21   -1.983857725144061270e-09   +3.606211494898340183e-23   -8.417479793469941716e-08   +8.606661045386863924e-21
+6.614619736000004195e+03   -7.399532212056998531e-09   +1.028471871652545584e-20   -7.362629340556620377e-09   +1.028471871652545584e-20   -2.835594475543338452e-10   -2.975519901185472462e-24   -7.646188788110954635e-09   +1.028174319662427104e-20
+7.441447203000003356e+03   +6.396339527135422290e-10   +1.199883850261303231e-20   +6.464079991450066052e-10   +1.199883850261303231e-20   -2.753669248517621872e-11   -2.097568535015739106e-25   +6.188713066598304156e-10   +1.199862874575953078e-20
+8.268274670000002516e+03   +1.252766644544127998e-09   +1.114177860956924483e-20   +1.253382452225429580e-09   +1.028471871652545584e-20   -1.849101626592770597e-12   +2.100657737570990456e-26   +1.251533350598836734e-09   +1.028473972310283199e-20
+9.095102137000005314e+03   +1.286117330785849910e-09   +1.199883850261303231e-20   +1.286152134360956497e-09   +1.114177860956924483e-20   -8.679516135454998741e-14   -4.633803832877184935e-28   +1.286065339199601851e-09   +1.114177814618886166e-20
+9.921929604000004474e+03   +1.287416838804073098e-09   +1.114177860956924483e-20   +1.287418144330509165e-09   +1.285589839565682130e-20   -2.866306602074698312e-15   -3.318479307399025693e-29   +1.287415278023907032e-09   +1.285589836247202822e-20
+1.074875707100000363e+04   +1.287453221188612847e-09   +1.199883850261303231e-20   +1.287453254718347544e-09   +1.199883850261303231e-20   -6.681678004984099081e-17   +7.541998425906875937e-31   +1.287453187901567565e-09   +1.199883850336723250e-20
+1.157558453800000279e+04   +1.287453954653941416e-09   +1.028471871652545584e-20   +1.287453955299254377e-09   +9.427658823481668354e-21   -1.130661760207901012e-18   +9.427498032383594922e-32   +1.287453954168592572e-09   +9.427658823575942625e-21
+1.240241200500000559e+04   +1.287453965354517945e-09   +1.028471871652545584e-20   +1.287453965374898434e-09   +1.114177860956924483e-20   -2.248602340213154427e-20   +4.713749016243647693e-33   +1.287453965352412357e-09   +1.114177860957395884e-20
+1.322923947200000111e+04   +1.287453965478195508e-09   +1.114177860956924483e-20   +1.287453965479236722e-09   +9.427658823481668354e-21   -1.834108215199421337e-21   -7.457298248190150332e-34   +1.287453965477402656e-09   +9.427658823480922056e-21
+1.405606693900000391e+04   +1.287453965480670846e-09   +1.114177860956924483e-20   +1.287453965479987182e-09   +1.028471871652545584e-20   -2.282006661771812799e-22   -6.444578733145612081e-35   +1.287453965479758880e-09   +1.028471871652539114e-20
+1.488289440600000671e+04   +1.287453965480885293e-09   +1.028471871652545584e-20   +1.287453965480013858e-09   +1.028471871652545584e-20   -2.410673773479902861e-23   -1.841308209429666993e-35   +1.287453965479989663e-09   +1.028471871652543778e-20
+1.570972187300000223e+04   +1.287453965480858410e-09   +1.028471871652545584e-20   +1.287453965480013858e-09   +1.028471871652545584e-20   -2.102414725315548421e-24   +2.157783057925390882e-36   +1.287453965480011790e-09   +1.028471871652545734e-20
+1.653654934000000503e+04   +1.287453965480858410e-09   +1.028471871652545584e-20   +1.287453965480013858e-09   +1.028471871652545584e-20   -1.127174195858721571e-25   -5.034827135270009438e-37   +1.287453965480013651e-09   +1.028471871652545584e-20
+1.736337680700000783e+04   +1.287453965480858410e-09   +1.028471871652545584e-20   +1.287453965480013858e-09   +1.028471871652545584e-20   -5.090387987812183241e-26   -4.270612302144002578e-38   +1.287453965480013858e-09   +1.028471871652545584e-20
+1.819020427400000335e+04   +1.287453965480858410e-09   +1.028471871652545584e-20   +1.287453965480013858e-09   +1.028471871652545584e-20   +1.105223283383372459e-26   +2.191498418253687274e-38   +1.287453965480013858e-09   +1.028471871652545584e-20
+1.901703174100000615e+04   +1.287453965480858410e-09   +1.028471871652545584e-20   +1.287453965480013858e-09   +1.028471871652545584e-20   +3.389282173538534703e-27   +1.615527680122910558e-39   +1.287453965480013858e-09   +1.028471871652545584e-20
+1.984385920800000167e+04   +1.287453965480858410e-09   +1.028471871652545584e-20   +1.287453965480013858e-09   +1.028471871652545584e-20   +2.649013666814348400e-28   -2.853513565371712287e-40   +1.287453965480013858e-09   +1.028471871652545584e-20
+2.067068667500000447e+04   +1.287453965480858410e-09   +1.028471871652545584e-20   +1.287453965480013858e-09   +1.028471871652545584e-20   -2.560980305315256067e-32   -6.503841934044175374e-45   +1.287453965480013858e-09   +1.028471871652545584e-20
