# Original data was compressed by a factor of 5000; data points taken in the publication are the last data points, those are identical with the original data 
# t                         j_E_dir                     j_ortho                     j_intra_E_dir               j_intra_ortho               dtP_E_dir                   dtP_ortho                   j_intra_plus_dtP_E_dir      j_intra_plus_dtP_ortho     
-2.067068667499999719e+04   +1.302580795687012519e-19   +1.036936660719644981e-20   +1.298550514525231294e-19   +1.036936660719644981e-20   -1.790114682184653098e-29   -2.739030032153573209e-41   +1.298550514346219716e-19   +1.036936660719644981e-20
-1.901703174099999887e+04   +1.302580795687012519e-19   +1.036936660719644981e-20   +1.298550514525231294e-19   +1.036936660719644981e-20   -7.687980205780763746e-41   +1.599354601572953934e-55   +1.298550514525231294e-19   +1.036936660719644981e-20
-1.736337680699999692e+04   +1.302580795687011796e-19   +1.036936660719644981e-20   +1.298550514525231294e-19   +1.036936660719644981e-20   -8.500413586382267101e-35   +3.509722141320068700e-49   +1.298550514525230331e-19   +1.036936660719644981e-20
-1.570972187299999678e+04   +1.302580795369791875e-19   +1.036936660719644981e-20   +1.298550514525231294e-19   +1.036936660719644981e-20   -2.563649001277184518e-29   +8.978209624961448119e-45   +1.298550514268866425e-19   +1.036936660719644981e-20
-1.405606693899999664e+04   +1.302554067133722441e-19   +1.036936660719644981e-20   +1.298550514525231294e-19   +1.036936660719644981e-20   -2.099782729693320912e-24   +3.122541869470440211e-39   +1.298529516697934346e-19   +1.036936660719644981e-20
-1.240241200499999650e+04   -2.741746650228747503e-19   +1.036936660719645282e-20   -2.079776974497879395e-19   +1.036936660719644981e-20   -4.642645255701410687e-20   -2.270484733154386122e-35   -2.544041500068020344e-19   +1.036936660719642725e-20
-1.074875707099999636e+04   -3.036268655756706715e-15   +1.036936660722633784e-20   -2.627832567957082453e-15   +1.140630326791609555e-20   -2.746874222613807220e-16   +2.515676065176643144e-31   -2.902519990218463274e-15   +1.140630326816766262e-20
-9.095102136999996219e+03   -6.366677245063043718e-12   +1.036936666109040949e-20   -5.688537799509724492e-12   +1.036936660719644831e-20   -4.291202984539917254e-13   -8.635343230360171709e-28   -6.117658097963716521e-12   +1.036936574366212490e-20
-7.441447202999996080e+03   -3.721219553881062736e-09   +1.036939452756238830e-20   -3.423620214456187103e-09   +9.332429946356088898e-21   -1.731103434144869262e-10   -1.881251943652139362e-25   -3.596730557870674003e-09   +9.332241821161724227e-21
-5.787792268999995940e+03   -6.136108403854184965e-07   +9.335936585384153894e-21   -5.798687600362701813e-07   +1.140630030121651165e-20   -1.731542435851092284e-08   -4.796626927741574382e-23   -5.971841843947810809e-07   +1.135833403193909659e-20
-4.134137334999995801e+03   -2.386464702844312623e-05   +7.881326201543942027e-21   -2.069144579150560708e-05   +6.731987227015820088e-21   -1.391722937665253573e-06   +4.624854939383204872e-21   -2.208316872917086193e-05   +1.135684216639902496e-20
-2.480482400999997481e+03   -2.859501183259443506e-04   -2.034988196662303267e-20   -2.704918153373809262e-04   -2.119239300345774492e-20   -6.873516906893182315e-07   -4.751919805311310584e-21   -2.711791670280702215e-04   -2.594431280876905475e-20
-8.268274669999955222e+02   -1.367870334264830639e-03   -3.344120730820855272e-20   -1.351633722203729850e-03   -2.566418235281121348e-20   +2.970069945940387497e-07   -5.055650761939456345e-20   -1.351336715209135913e-03   -7.622068997220578295e-20
+8.268274670000027982e+02   -1.211373317263882013e-03   -2.799728983943041525e-20   -1.214269243655213652e-03   -1.762792323223396393e-20   +9.074292088296046676e-07   +1.469665919168446563e-20   -1.213361814446384072e-03   -2.931264040549498303e-21
+2.480482401000004756e+03   +6.534356586075279515e-04   -1.970179655367325540e-20   +6.520265304121892081e-04   -9.850898276836627700e-21   -5.235002676142048303e-07   -2.057532286835825068e-20   +6.515030301445749869e-04   -3.042622114519487838e-20
+4.134137335000003077e+03   +1.105601116873684018e-03   -9.332429946476804081e-21   +1.105320580147204279e-03   -5.184683303598224907e-21   -5.569707804240602830e-07   -4.332452657548649425e-22   +1.104763609366780268e-03   -5.617928569353089568e-21
+5.787792269000005035e+03   +1.130991455937215527e-03   +1.114706910273618374e-20   +1.130991431049527046e-03   +2.592341651799112454e-21   -1.670035024234189965e-08   -4.066458435199152862e-23   +1.130974730699284801e-03   +2.551677067447120813e-21
+7.441447203000003356e+03   +1.131605537077946724e-03   +1.140630326791609555e-20   +1.131605584952766284e-03   +3.110809982158934944e-21   -1.753185189055211364e-10   -6.837854510291221898e-25   +1.131605409634247467e-03   +3.110126196707905690e-21
+9.095102137000005314e+03   +1.131609225732809181e-03   +7.258556625037515622e-21   +1.131609225993511665e-03   +3.370044147338846002e-21   -5.107271115508287607e-13   -1.178424404717298037e-26   +1.131609225482784571e-03   +3.370032363094798952e-21
+1.074875707100000363e+04   +1.131609232047826701e-03   +3.110809982158934944e-21   +1.131609232050544362e-03   +1.166553743309600585e-20   -3.215230452632364847e-15   -1.578724856007256734e-28   +1.131609232047329052e-03   +1.166553727522351997e-20
+1.240241200500000559e+04   +1.131609232053327942e-03   +1.166553743309600585e-20   +1.131609232053343121e-03   +1.166553743309600585e-20   -2.042299550861388784e-17   +6.569939992618217486e-30   +1.131609232053322738e-03   +1.166553743966594572e-20
+1.405606693900000391e+04   +1.131609232053343121e-03   +7.258556625037515622e-21   +1.131609232053343555e-03   +7.258556625037515622e-21   -4.705808588613482267e-19   +2.851527042414026239e-32   +1.131609232053343121e-03   +7.258556625066031423e-21
+1.570972187300000223e+04   +1.131609232053343555e-03   +3.110809982158934944e-21   +1.131609232053343555e-03   +7.258556625037515622e-21   +2.148240146691663088e-21   -5.123837890875152909e-34   +1.131609232053343555e-03   +7.258556625037002543e-21
+1.736337680700000783e+04   +1.131609232053343555e-03   +3.110809982158934944e-21   +1.131609232053343555e-03   +7.258556625037515622e-21   +7.406891238446971900e-23   -4.455511223240581668e-35   +1.131609232053343555e-03   +7.258556625037470483e-21
+1.901703174100000615e+04   +1.131609232053343555e-03   +3.110809982158934944e-21   +1.131609232053343555e-03   +7.258556625037515622e-21   +7.197230459133170714e-24   -4.177041771437518737e-36   +1.131609232053343555e-03   +7.258556625037511109e-21
+2.067068667500000447e+04   +1.131609232053343555e-03   +3.110809982158934944e-21   +1.131609232053343555e-03   +7.258556625037515622e-21   -1.813786802721775979e-29   -2.735222802164483249e-41   +1.131609232053343555e-03   +7.258556625037515622e-21
