# Original data was compressed by a factor of 5000; data points taken in the publication are the last data points, those are identical with the original data 
# t                         j_E_dir                     j_ortho                     j_intra_E_dir               j_intra_ortho               dtP_E_dir                   dtP_ortho                   j_intra_plus_dtP_E_dir      j_intra_plus_dtP_ortho     
-2.067068667499999719e+04   +1.768271910189073403e-20   +1.199883850261303231e-20   +1.774507355699987503e-20   +1.199883850261303231e-20   +1.480131062047899583e-33   -7.710035832953216954e-46   +1.774507355700135559e-20   +1.199883850261303231e-20
-1.901703174099999887e+04   +1.768271910189073403e-20   +1.199883850261303231e-20   +1.774507355699987503e-20   +1.199883850261303231e-20   -1.405286849299096569e-42   +3.322169776273828846e-58   +1.774507355699987503e-20   +1.199883850261303231e-20
-1.736337680699999692e+04   +1.768271910189073403e-20   +1.199883850261303231e-20   +1.774507355699987503e-20   +1.199883850261303231e-20   -1.556133307963146617e-36   -2.313758218609416136e-52   +1.774507355699987202e-20   +1.199883850261303231e-20
-1.570972187299999678e+04   +1.768271910131089671e-20   +1.199883850261303231e-20   +1.774507355699987503e-20   +1.199883850261303231e-20   -4.699883017841937343e-31   +8.335628813452311418e-46   +1.774507355652988794e-20   +1.199883850261303231e-20
-1.405606693899999664e+04   +1.768267017345168050e-20   +1.199883850261303231e-20   +1.774507355699987503e-20   +1.199883850261303231e-20   -3.854697679088394246e-26   -1.691432217008151253e-40   +1.774503501002308363e-20   +1.199883850261303231e-20
-1.240241200499999650e+04   +9.276419036890660322e-21   +1.199883850261303231e-20   +1.056426754882684871e-20   +1.285589839565682130e-20   -8.533608932439001855e-22   +1.909774479343916261e-36   +9.710906655582949279e-21   +1.285589839565682281e-20
-1.074875707099999636e+04   -6.065268115273295231e-17   +1.114177860956924483e-20   -5.313587454001871521e-17   +1.028471871652545584e-20   -5.054978327422715693e-18   -1.880796649115189804e-32   -5.819085286744143475e-17   +1.028471871650664793e-20
-9.095102136999996219e+03   -1.275517361058614855e-13   +9.427658823481668354e-21   -1.150575195897894855e-13   +1.028471871652545584e-20   -7.905575604193120101e-15   +2.864066306841772276e-29   -1.229630951939826056e-13   +1.028471874516611953e-20
-7.441447202999996080e+03   -7.473518505953094578e-11   +1.028471871652545584e-20   -6.924680763862048007e-11   +1.028471871652545584e-20   -3.192357578142251296e-12   -1.485653017928840089e-26   -7.243916521676273136e-11   +1.028470385999527695e-20
-5.787792268999995940e+03   -1.221004078050976320e-08   +1.114177860956924483e-20   -1.158757690055718230e-08   +1.114177860956924483e-20   -3.192494026266320817e-10   -3.299268328999482358e-24   -1.190682630318381444e-08   +1.113847934124024582e-20
-4.134137334999995801e+03   -5.593684155181752441e-07   +1.114177860956924483e-20   -5.419685260989198181e-07   +1.114177860956924483e-20   -7.188962284557365421e-09   -1.012269893304797110e-23   -5.491574883834771421e-07   +1.113165591063619645e-20
-2.480482400999997481e+03   -7.032642490871457129e-06   +1.028471871652545584e-20   -6.916247847560845483e-06   +1.028471871652545584e-20   -3.305197300370439115e-08   -1.943558195145210828e-21   -6.949299820564549457e-06   +8.341160521380245763e-21
-8.268274669999955222e+02   -2.039828825229558163e-05   +7.713539037394091879e-21   -1.980433166204513345e-05   +9.427658823481668354e-21   -5.530888214972468498e-08   -1.295705463430140301e-21   -1.985964054419485833e-05   +8.131953360051527300e-21
+8.268274670000027982e+02   -1.899706460946081518e-05   +9.427658823481668354e-21   -1.944705781088138582e-05   +8.570598930437880869e-21   +7.787466543611037449e-08   +5.182821853720561205e-21   -1.936918314544527520e-05   +1.375342078415844207e-20
+2.480482401000004756e+03   -5.403219187939244800e-06   +1.028471871652545584e-20   -5.458336417091742322e-06   +1.114177860956924483e-20   -3.427226202477635716e-08   +0.000000000000000000e+00   -5.492608679116519096e-06   +1.114177860956924483e-20
+4.134137335000003077e+03   +9.674190990510807227e-07   +1.114177860956924483e-20   +9.642734847692132547e-07   +9.427658823481668354e-21   -7.325085209368205183e-09   +1.834739181614944917e-22   +9.569483995598449626e-07   +9.611132741643162093e-21
+5.787792269000005035e+03   +1.497565251927927255e-06   +1.028471871652545584e-20   +1.497580818982573832e-06   +1.114177860956924483e-20   -3.307643231968007414e-10   +1.186253781216559251e-24   +1.497250054659376954e-06   +1.114296486335046081e-20
+7.441447203000003356e+03   +1.509160875471399186e-06   +1.199883850261303231e-20   +1.509161811269315979e-06   +1.114177860956924483e-20   -3.353168181098503061e-12   -2.656714197516252433e-26   +1.509158458101134848e-06   +1.114175204242726920e-20
+9.095102137000005314e+03   +1.509231315437215830e-06   +1.114177860956924483e-20   +1.509231318960332272e-06   +1.114177860956924483e-20   -8.412460246166786994e-15   +2.896127395548240584e-29   +1.509231310547872090e-06   +1.114177863853051868e-20
+1.074875707100000363e+04   +1.509231434587310817e-06   +1.028471871652545584e-20   +1.509231434590111955e-06   +1.028471871652545584e-20   -5.469093000390354407e-18   +7.541998425906875061e-32   +1.509231434584642875e-06   +1.028471871660087556e-20
+1.240241200500000559e+04   +1.509231434643545335e-06   +1.199883850261303231e-20   +1.509231434643547241e-06   +1.285589839565682130e-20   -3.029561128129287280e-22   -1.178437254047949228e-33   +1.509231434643547029e-06   +1.285589839565564318e-20
+1.405606693900000391e+04   +1.509231434643551688e-06   +1.114177860956924483e-20   +1.509231434643553593e-06   +1.285589839565682130e-20   +1.500445474158098309e-23   -2.939979416455684398e-36   +1.509231434643553593e-06   +1.285589839565681829e-20
+1.570972187300000223e+04   +1.509231434643551688e-06   +1.114177860956924483e-20   +1.509231434643553593e-06   +1.285589839565682130e-20   +2.052766412306846518e-25   -1.140703022822064071e-37   +1.509231434643553593e-06   +1.285589839565682130e-20
+1.736337680700000783e+04   +1.509231434643551688e-06   +1.114177860956924483e-20   +1.509231434643553593e-06   +1.285589839565682130e-20   -1.155514763109772971e-26   -2.528652021034132268e-39   +1.509231434643553593e-06   +1.285589839565682130e-20
+1.901703174100000615e+04   +1.509231434643551688e-06   +1.114177860956924483e-20   +1.509231434643553593e-06   +1.285589839565682130e-20   -1.072139777826765734e-28   -2.304760956671734758e-41   +1.509231434643553593e-06   +1.285589839565682130e-20
+2.067068667500000447e+04   +1.509231434643551688e-06   +1.114177860956924483e-20   +1.509231434643553593e-06   +1.285589839565682130e-20   +1.487881086269445490e-33   -7.677110413026012756e-46   +1.509231434643553593e-06   +1.285589839565682130e-20
