# Original data was compressed by a factor of 5000; data points taken in the publication are the last data points, those are identical with the original data 
# t                         j_E_dir                     j_ortho                     j_intra_E_dir               j_intra_ortho               dtP_E_dir                   dtP_ortho                   j_intra_plus_dtP_E_dir      j_intra_plus_dtP_ortho     
-2.067068667499999719e+04   +1.768271910189073403e-20   +1.199883850261303231e-20   +1.774507355699987503e-20   +1.199883850261303231e-20   -1.591275691273919112e-46   -6.746197547128326996e-49   +1.774507355699987503e-20   +1.199883850261303231e-20
-1.901703174099999887e+04   +1.768271910189073403e-20   +1.199883850261303231e-20   +1.774507355699987503e-20   +1.199883850261303231e-20   -4.443907209666842916e-44   +5.930572419655261360e-59   +1.774507355699987503e-20   +1.199883850261303231e-20
-1.736337680699999692e+04   +1.768271910189073403e-20   +1.199883850261303231e-20   +1.774507355699987503e-20   +1.199883850261303231e-20   -4.920925596015651017e-38   -4.767955631582719041e-53   +1.774507355699987503e-20   +1.199883850261303231e-20
-1.570972187299999678e+04   +1.768271910187241362e-20   +1.199883850261303231e-20   +1.774507355699987503e-20   +1.199883850261303231e-20   -1.486233507272778371e-32   -3.056992092767068933e-48   +1.774507355698501227e-20   +1.199883850261303231e-20
-1.405606693899999664e+04   +1.768271755463763785e-20   +1.199883850261303231e-20   +1.774507355699987503e-20   +1.199883850261303231e-20   -1.218962435728301635e-27   -1.693974562111943311e-42   +1.774507233803743883e-20   +1.199883850261303231e-20
-1.240241200499999650e+04   +1.764388641030716893e-20   +1.199883850261303231e-20   +1.762454950954059265e-20   +1.199883850261303231e-20   -2.698564088766299264e-23   -6.380509961555120424e-39   +1.759756386865292947e-20   +1.199883850261303231e-20
-1.074875707099999636e+04   -1.900729015914523739e-18   +1.114177860956924483e-20   -1.663000850513804193e-18   +1.028471871652545584e-20   -1.598524503744411811e-19   -9.029282430824590205e-35   -1.822853300888245495e-18   +1.028471871652536556e-20
-9.095102136999996219e+03   -4.033522538297142419e-15   +1.199883850261303231e-20   -3.638420793146946327e-15   +1.028471871652545584e-20   -2.499962512391392630e-16   -3.446294332625239713e-32   -3.888417044386085492e-15   +1.028471871649099223e-20
-7.441447202999996080e+03   -2.363334043686792879e-12   +1.285589839565682130e-20   -2.189776310655780505e-12   +1.199883850261303231e-20   -1.009512105247892358e-13   -3.665059176861094451e-28   -2.290727521180569918e-12   +1.199883813610711494e-20
-5.787792268999995940e+03   -3.861110671043710135e-10   +1.114177860956924483e-20   -3.664270355352923260e-10   +1.028471871652545584e-20   -1.009554784710375926e-11   +7.861055127294822259e-26   -3.765225833823960917e-10   +1.028479732707672872e-20
-4.134137334999995801e+03   -1.759855955486586879e-08   +1.199883850261303231e-20   -1.704862675675012993e-08   +1.199883850261303231e-20   -2.270689215741190392e-10   +1.319707331603422172e-24   -1.727569567832424747e-08   +1.200015820994463583e-20
-2.480482400999997481e+03   -2.246338956332422958e-07   +1.028471871652545584e-20   -2.212949717998459574e-07   +1.114177860956924483e-20   -8.024288720768326808e-10   +0.000000000000000000e+00   -2.220974006719227840e-07   +1.114177860956924483e-20
-8.268274669999955222e+02   -7.987004369101386672e-07   +1.028471871652545584e-20   -7.966374588893780919e-07   +1.114177860956924483e-20   +1.028242463092644217e-09   -7.592024199785979797e-24   -7.956092164262854543e-07   +1.113418658536945892e-20
+8.268274670000027982e+02   -7.925327991583311099e-07   +1.114177860956924483e-20   -7.966371381197753948e-07   +1.028471871652545584e-20   +1.055683178580458930e-09   +3.542944626566790180e-23   -7.955814549411949675e-07   +1.032014816279112440e-20
+2.480482401000004756e+03   -2.195241020655876672e-07   +1.114177860956924483e-20   -2.212925312547954923e-07   +1.114177860956924483e-20   -8.015569390296781478e-10   +1.202070498299446679e-23   -2.220940881938251778e-07   +1.115379931455223968e-20
+4.134137335000003077e+03   -1.694568991830797568e-08   +1.199883850261303231e-20   -1.704552940657937948e-08   +1.028471871652545584e-20   -2.324788641534814739e-10   +1.927662394476909013e-24   -1.727800827073285961e-08   +1.028664637891993238e-20
+5.787792269000005035e+03   -3.637711022557494635e-10   +1.199883850261303231e-20   -3.632775227477610010e-10   +1.114177860956924483e-20   -1.050002599255122218e-11   -4.095606825204470005e-26   -3.737775487403122054e-10   +1.114173765350099271e-20
+7.441447203000003356e+03   +9.311866029929463015e-13   +1.114177860956924483e-20   +9.608751161310313231e-13   +1.114177860956924483e-20   -1.064297891425749090e-13   -1.217111355155951706e-28   +8.544453269884564520e-13   +1.114177848785810986e-20
+9.095102137000005314e+03   +3.146908211771748397e-12   +1.028471871652545584e-20   +3.147019840006379431e-12   +1.114177860956924483e-20   -2.668179972771486486e-16   +6.907322502462106751e-31   +3.146753022009102137e-12   +1.114177861025997659e-20
+1.074875707100000363e+04   +3.150656521049157031e-12   +1.114177860956924483e-20   +3.150656609369951682e-12   +1.028471871652545584e-20   -1.725296214348542919e-19   +8.574625287966460875e-34   +3.150656436840330115e-12   +1.028471871652631348e-20
+1.240241200500000559e+04   +3.150658289610039240e-12   +1.199883850261303231e-20   +3.150658289316927305e-12   +1.114177860956924483e-20   -2.942394292186532880e-23   -2.475147304098339702e-35   +3.150658289287503424e-12   +1.114177860956922075e-20
+1.405606693900000391e+04   +3.150658289728259424e-12   +1.199883850261303231e-20   +3.150658289455864971e-12   +1.114177860956924483e-20   -1.341389678534839587e-27   +3.741199598366890850e-37   +3.150658289455863760e-12   +1.114177860956924483e-20
+1.570972187300000223e+04   +3.150658289728259424e-12   +1.199883850261303231e-20   +3.150658289455864971e-12   +1.114177860956924483e-20   -1.649049503453459838e-32   +1.139478652478493954e-38   +3.150658289455864971e-12   +1.114177860956924483e-20
+1.736337680700000783e+04   +3.150658289728259424e-12   +1.199883850261303231e-20   +3.150658289455864971e-12   +1.114177860956924483e-20   -5.195538909382687499e-38   -1.082937047010537100e-40   +3.150658289455864971e-12   +1.114177860956924483e-20
+1.901703174100000615e+04   +3.150658289728259424e-12   +1.199883850261303231e-20   +3.150658289455864971e-12   +1.114177860956924483e-20   -2.606831829717695961e-41   -1.663982159924598364e-43   +3.150658289455864971e-12   +1.114177860956924483e-20
+2.067068667500000447e+04   +3.150658289728259424e-12   +1.199883850261303231e-20   +3.150658289455864971e-12   +1.114177860956924483e-20   -1.624791515742053741e-46   -5.749801328838176728e-49   +3.150658289455864971e-12   +1.114177860956924483e-20
