# Original data was compressed by a factor of 5000; data points taken in the publication are the last data points, those are identical with the original data 
# t                         j_E_dir                     j_ortho                     j_intra_E_dir               j_intra_ortho               dtP_E_dir                   dtP_ortho                   j_intra_plus_dtP_E_dir      j_intra_plus_dtP_ortho     
-2.067068667499999719e+04   +2.389905373953889932e-21   -2.499758021377715379e-21   +2.058211407982506189e-21   -3.749637032066572880e-21   +1.270876540559653670e-44   +1.581578838912414121e-46   +2.058211407982506189e-21   -3.749637032066572880e-21
-1.963715234124999552e+04   +2.389905373953889932e-21   -2.499758021377715379e-21   +2.058211407982506189e-21   -3.749637032066572880e-21   +3.947797348700867447e-45   -5.051076606013677265e-60   +2.058211407982506189e-21   -3.749637032066572880e-21
-1.860361800749999747e+04   +2.389905373953889932e-21   -2.499758021377715379e-21   +2.058211407982506189e-21   -3.749637032066572880e-21   +3.533000156343880573e-41   -3.660320973561186682e-56   +2.058211407982506189e-21   -3.749637032066572880e-21
-1.757008367374999580e+04   +2.389905373953889932e-21   -2.499758021377715379e-21   +2.058211407982506189e-21   -3.749637032066572880e-21   +1.898948420365263810e-37   +3.643227511947827139e-52   +2.058211407982506565e-21   -3.749637032066572880e-21
-1.653654933999999776e+04   +2.389905373954628331e-21   -2.499758021377715379e-21   +2.058211407982506189e-21   -3.749637032066572880e-21   +6.122434274268851628e-34   +4.009084267535726982e-48   +2.058211407983118574e-21   -3.749637032066572880e-21
-1.550301500624999608e+04   +2.389905375407131593e-21   -2.499758021377715379e-21   +2.058211407982506189e-21   -3.749637032066572880e-21   +1.182300274586176342e-30   -3.735264954434441593e-45   +2.058211409164806370e-21   -3.749637032066572880e-21
-1.446948067249999804e+04   +2.389907082091484611e-21   -2.499758021377715379e-21   +2.058211407982506189e-21   -3.749637032066572880e-21   +1.365002340154233180e-27   -4.042588201743749642e-42   +2.058212772984846459e-21   -3.749637032066572880e-21
-1.343594633874999636e+04   +2.391106191101257085e-21   -2.499758021377715379e-21   +2.058211407982506189e-21   -3.749637032066572880e-21   +9.400742247553317247e-25   +5.403343812041564438e-39   +2.059151482207261454e-21   -3.749637032066572880e-21
-1.240241200499999650e+04   +6.167905370305167378e-21   -3.749637032066572880e-21   +5.445182130429033820e-21   -3.749637032066572880e-21   +3.851059650520350745e-22   +4.516006837714745555e-37   +5.830288095481068566e-21   -3.749637032066572128e-21
-1.136887767124999664e+04   +1.075640986268503426e-18   -2.499758021377724407e-21   +9.388010300302545359e-19   -3.124697526722144318e-21   +9.349713950581546932e-20   -4.172937421817276473e-34   +1.032298169536069969e-18   -3.124697526722561477e-21
-1.033534333749999678e+04   +1.825378303797158550e-16   -3.124697526723437549e-21   +1.622125649028741227e-16   -3.124697526722144318e-21   +1.338794787671965646e-17   +2.300764202061049359e-32   +1.756005127795937915e-16   -3.124697526699136602e-21
-9.301809003749996918e+03   +1.865096387473093743e-14   -2.499758021493478062e-21   +1.687402009451717728e-14   -3.124697526722144318e-21   +1.123189317508305462e-15   +2.274688789059784637e-30   +1.799720941202548373e-14   -3.124697524447455544e-21
-8.268274669999997059e+03   +1.142571088801122862e-12   -3.124697534018321144e-21   +1.051520000293676125e-12   -3.749637032066572880e-21   +5.469086195355428168e-14   -4.763664181154131025e-28   +1.106210862247230369e-12   -3.749637508432990837e-21
-7.234740336249997199e+03   +4.183067454785569190e-11   -3.749637255513582680e-21   +3.912279704926292430e-11   -3.749637032066555577e-21   +1.523727197392410872e-12   +3.883987776863011365e-28   +4.064652424665533234e-11   -3.749636643667777762e-21
-6.201206002499997339e+03   +9.108884048312526457e-10   -2.499762576541163411e-21   +8.648488234285302384e-10   -2.499758021373168379e-21   +2.372974269016366754e-11   +2.485303428296921779e-26   +8.885785661186939124e-10   -2.499733168338885503e-21
-5.167671668749997480e+03   +1.170999408370610207e-08   -1.874864492142423694e-21   +1.127387260203657127e-08   -3.124697526722144318e-21   +1.978236493915965057e-10   +2.308260194087287508e-24   +1.147169625142816707e-08   -3.122389266528057215e-21
-4.134137334999995801e+03   +8.780654438501534567e-08   -2.500033144686998412e-21   +8.561884269911001493e-08   -3.124697452223549784e-21   +7.988266165817708919e-10   -7.549805098147714752e-24   +8.641766931569179037e-08   -3.132247257321697404e-21
-3.100603001249997760e+03   +3.771070589365125964e-07   -2.500518503029802902e-21   +3.720150183000860372e-07   -3.124696930733388805e-21   +1.055897092407358943e-09   +5.961996174178813616e-23   +3.730709153924933910e-07   -3.065076968991600598e-21
-2.067068667499996081e+03   +8.671254177872532873e-07   -3.125499727587120713e-21   +8.646082609367313530e-07   -3.124695142767121892e-21   -1.581266317770255875e-09   +5.726145856376308473e-23   +8.630269946189610883e-07   -3.067433684203358666e-21
-1.033534333749998041e+03   +9.066258221932019661e-07   -3.123877446194501048e-21   +9.151219808743789168e-07   -3.124695142767121892e-21   -4.300365669030573329e-09   -2.398868757576541866e-23   +9.108216152053482963e-07   -3.148683830342887176e-21
+3.637978807091712952e-12   -1.108163094630357491e-08   -3.122733147783836125e-21   -6.929636166075031947e-12   -3.124687990902055368e-21   -5.608673789616708836e-11   +3.047024643010313403e-23   -6.301637406224211627e-11   -3.094217744471952216e-21
+1.033534333750001679e+03   -9.152223276816293656e-07   -2.498976084130427907e-21   -9.151366419833143732e-07   -3.749627496246483930e-21   +4.292714223957349032e-09   +1.149842380434525147e-23   -9.108439277593570168e-07   -3.738129072442138985e-21
+2.067068667500003357e+03   -8.589395119838686981e-07   -1.875524166719863067e-21   -8.646215557411826265e-07   -3.124687990902055368e-21   +1.650818334971051180e-09   +2.049418164525728273e-23   -8.629707374062115683e-07   -3.104193809256797971e-21
+3.100603001250001398e+03   -3.689802489207172555e-07   -3.750371290213415980e-21   -3.720205557743976687e-07   -3.124678455081966418e-21   -1.041534239128790102e-09   +1.484588369322309427e-23   -3.730620900135264722e-07   -3.109832571388743248e-21
+4.134137335000003077e+03   -8.500891604723854118e-08   -3.124935922224366176e-21   -8.562009886966654758e-08   -2.499738949737537480e-21   -8.119199090419356710e-10   -4.811432979814729231e-24   -8.643201877870847891e-08   -2.504550382717352150e-21
+5.167671668750001118e+03   -1.123111297666487864e-08   -3.124726134182410790e-21   -1.127403228724109733e-08   -2.499758021377715379e-21   -2.038344538796476067e-10   -1.518225601840584790e-24   -1.147786674112074550e-08   -2.501276246979556033e-21
+6.201206002500002796e+03   -8.662492184723477709e-10   -2.499748485557626429e-21   -8.648551203744268457e-10   -2.499748485557626429e-21   -2.471372598798752165e-11   +1.983276588074014327e-25   -8.895688463624143254e-10   -2.499550157898818860e-21
+7.234740336250000837e+03   -3.947028420172962468e-11   -3.124687990902055368e-21   -3.911692622416673352e-11   -2.499748485557626429e-21   -1.601925644777027661e-12   -3.345390100510385760e-27   -4.071885186894375816e-11   -2.499751830947727000e-21
+8.268274670000002516e+03   -1.064431104094398395e-12   -2.499738949737537480e-21   -1.045088163157077556e-12   -3.749617960426394981e-21   -5.799592303119461561e-14   -2.092733444284163836e-28   -1.103084086188272209e-12   -3.749618169699739270e-21
+9.301809003750000556e+03   -1.092724364488515347e-14   -2.499738949737537480e-21   -1.042693735295085754e-14   -3.749617960426394981e-21   -1.200671790954810534e-15   -1.292891229329620147e-29   -1.162760914390566748e-14   -3.749617973355307142e-21
+1.033534333750000224e+04   +6.278184312725843187e-15   -4.374567001590912869e-21   +6.285117571142893301e-15   -3.124678455081966418e-21   -1.441960267227982559e-17   -2.034745275259290517e-31   +6.270697968470613555e-15   -3.124678455285440917e-21
+1.136887767125000391e+04   +6.446339176054744003e-15   -3.124697526722144318e-21   +6.446393169568445394e-15   -3.749637032066572880e-21   -1.014154865910001954e-19   -4.376361178307326326e-33   +6.446291754081854015e-15   -3.749637032070949104e-21
+1.240241200500000559e+04   +6.447326124841203576e-15   -3.749617960426394981e-21   +6.447326402861558661e-15   -3.124687990902055368e-21   -4.204966723135203565e-22   +2.617948675016710754e-35   +6.447325982364886389e-15   -3.124687990902029037e-21
+1.343594633875000000e+04   +6.447329886983009955e-15   -3.749627496246483930e-21   +6.447329850601926719e-15   -3.124687990902055368e-21   -1.032850702623457421e-24   -7.930578265846365553e-36   +6.447329849569075869e-15   -3.124687990902063267e-21
+1.446948067250000167e+04   +6.447329887669691284e-15   -3.749627496246483930e-21   +6.447329850601926719e-15   -3.124687990902055368e-21   -1.508425755774388109e-27   +1.099024185362455010e-36   +6.447329850600418417e-15   -3.124687990902054239e-21
+1.550301500625000335e+04   +6.447329887669691284e-15   -3.749627496246483930e-21   +6.447329850601926719e-15   -3.124687990902055368e-21   -1.313593859437547218e-30   -9.503612462547391332e-38   +6.447329850601925142e-15   -3.124687990902055368e-21
+1.653654934000000503e+04   +6.447329887669691284e-15   -3.749627496246483930e-21   +6.447329850601926719e-15   -3.124687990902055368e-21   -6.836683643397101225e-34   +6.990551090962312162e-39   +6.447329850601926719e-15   -3.124687990902055368e-21
+1.757008367374999943e+04   +6.447329887669691284e-15   -3.749627496246483930e-21   +6.447329850601926719e-15   -3.124687990902055368e-21   -2.186249256178263754e-37   -2.576755485695160577e-40   +6.447329850601926719e-15   -3.124687990902055368e-21
+1.860361800750000111e+04   +6.447329887669691284e-15   -3.749627496246483930e-21   +6.447329850601926719e-15   -3.124687990902055368e-21   -5.316382550043543574e-40   -1.673636599074643247e-41   +6.447329850601926719e-15   -3.124687990902055368e-21
+1.963715234125000279e+04   +6.447329887669691284e-15   -3.749627496246483930e-21   +6.447329850601926719e-15   -3.124687990902055368e-21   +6.114345137681599222e-42   +1.122313286450776162e-42   +6.447329850601926719e-15   -3.124687990902055368e-21
+2.067068667500000447e+04   +6.447329887669691284e-15   -3.749627496246483930e-21   +6.447329850601926719e-15   -3.124687990902055368e-21   +1.272979959081644451e-44   +1.586529011337961804e-46   +6.447329850601926719e-15   -3.124687990902055368e-21
