# Original data was compressed by a factor of 5000; data points taken in the publication are the last data points, those are identical with the original data 
# t                         j_E_dir                     j_ortho                     j_intra_E_dir               j_intra_ortho               dtP_E_dir                   dtP_ortho                   j_intra_plus_dtP_E_dir      j_intra_plus_dtP_ortho     
-2.067068667499999719e+04   +2.389905373953889932e-21   -2.499758021377715379e-21   +2.058211407982506189e-21   -3.749637032066572880e-21   -9.412495168963578712e-33   -3.350663617848577712e-46   +2.058211407973093582e-21   -3.749637032066572880e-21
-1.963715234124999552e+04   +2.389905373953889932e-21   -2.499758021377715379e-21   +2.058211407982506189e-21   -3.749637032066572880e-21   +7.876891276996953940e-44   -9.548171111684530173e-59   +2.058211407982506189e-21   -3.749637032066572880e-21
-1.860361800749999747e+04   +2.389905373953889932e-21   -2.499758021377715379e-21   +2.058211407982506189e-21   -3.749637032066572880e-21   +7.049262070731837179e-40   -1.582491053341699249e-54   +2.058211407982506189e-21   -3.749637032066572880e-21
-1.757008367374999580e+04   +2.389905373953894446e-21   -2.499758021377715379e-21   +2.058211407982506189e-21   -3.749637032066572880e-21   +3.788900221224236944e-36   +1.402885265723646858e-50   +2.058211407982509950e-21   -3.749637032066572880e-21
-1.653654933999999776e+04   +2.389905373968667307e-21   -2.499758021377715379e-21   +2.058211407982506189e-21   -3.749637032066572880e-21   +1.221586238332123982e-32   +4.748040634584962538e-48   +2.058211407994721926e-21   -3.749637032066572880e-21
-1.550301500624999608e+04   +2.389905402949991897e-21   -2.499758021377715379e-21   +2.058211407982506189e-21   -3.749637032066572880e-21   +2.358999182859103070e-29   +1.362320574271928793e-43   +2.058211431572497973e-21   -3.749637032066572880e-21
-1.446948067249999804e+04   +2.389939455779607686e-21   -2.499758021377715379e-21   +2.058211407982506189e-21   -3.749637032066572880e-21   +2.723537729154120613e-26   -7.044159735466995188e-41   +2.058238643359797593e-21   -3.749637032066572880e-21
-1.343594633874999636e+04   +2.414475118452674219e-21   -2.499758021377715379e-21   +2.078351060010207477e-21   -3.749637032066572880e-21   +1.875694673928181836e-23   -3.116023215173636992e-38   +2.097108006749489307e-21   -3.749637032066572880e-21
-1.240241200499999650e+04   +7.810973579111637394e-20   -3.124697526722145446e-21   +6.729100204507134864e-20   -3.124697526722144318e-21   +7.683874193380748936e-21   +3.761956138843064604e-35   +7.497487623845209608e-20   -3.124697526722106702e-21
-1.136887767124999664e+04   +2.142184188947792074e-17   -2.499758021377889164e-21   +1.868489645640891843e-17   -3.124697526722144318e-21   +1.865513190133184793e-18   +2.476301303117047875e-33   +2.055040964654210400e-17   -3.124697526719668068e-21
-1.033534333749999678e+04   +3.642058133579076326e-15   -2.499758021405760605e-21   +3.236514454368749751e-15   -2.499758021377715379e-21   +2.671246787319357613e-16   +7.980199645698613754e-31   +3.503639133100685660e-15   -2.499758020579695398e-21
-9.301809003749996918e+03   +3.721356188723718526e-13   -3.749637034750764013e-21   +3.366809269122692275e-13   -3.124697526722144318e-21   +2.241057317799412574e-14   -1.537387553761713889e-29   +3.590915000902633532e-13   -3.124697542096020029e-21
-8.268274669999997059e+03   +2.279729030735449298e-11   -3.749637175436417334e-21   +2.098058225183611471e-11   -3.749637032066563852e-21   +1.091226158292474721e-12   -2.511264322430122276e-27   +2.207180841012858883e-11   -3.749639543330886139e-21
-7.234740336249997199e+03   +8.346317229406783130e-10   -3.124702027666766664e-21   +7.806024636152804153e-10   -3.124697526722144318e-21   +3.040235461401140745e-11   +5.717589006667424413e-28   +8.110048182292918486e-10   -3.124696954963243730e-21
-6.201206002499997339e+03   +1.817501924867561036e-08   -2.499835686162423769e-21   +1.725640832748565195e-08   -3.124697524394063274e-21   +4.734711240127513223e-10   -7.458622136124780090e-25   +1.772987945149840399e-08   -3.125443386607675891e-21
-5.167671668749997480e+03   +2.344433458078249149e-07   -3.125682696135076164e-21   +2.257407270914586457e-07   -2.499757425388959866e-21   +3.947899530203640038e-09   +6.035230869422136781e-23   +2.296886266216622883e-07   -2.439405116694738440e-21
-4.134137334999995801e+03   +1.761478703742105392e-06   -1.879910643960745271e-21   +1.717572087274922907e-06   -3.124678455081966418e-21   +1.615313346937140806e-08   -2.199578122312365677e-22   +1.733725220744294229e-06   -3.344636267313203033e-21
-3.100603001249997760e+03   +7.424112480609156610e-06   -2.515320479762757351e-21   +7.310009017774749157e-06   -2.500368313863403262e-21   +2.977066933649537853e-08   +1.476226927739410515e-23   +7.339779687111244350e-06   -2.485606044586009010e-21
-2.067068667499996081e+03   +1.589429265186691634e-05   -2.513794748548537454e-21   +1.575877017163881288e-05   -3.122866649265080290e-21   +5.957034077302480924e-09   +1.060521424878659962e-20   +1.576472720571611588e-05   +7.482347599521519709e-21
-1.033534333749998041e+03   +1.606453396272867814e-05   -3.731328257495935619e-21   +1.643147658120984204e-05   -2.496706558949275961e-21   -1.760679568970366750e-07   +2.361963084383056824e-22   +1.625540862431280523e-05   -2.260510250510970184e-21
+3.637978807091712952e-12   -3.896179069397381539e-07   -2.450934622522682056e-21   -1.717417208998060846e-07   -3.737431182352814455e-21   +2.186270729757511884e-09   -1.343366504231041875e-21   -1.695554501700485641e-07   -5.080797686583855954e-21
+1.033534333750001679e+03   -1.677610126260120610e-05   -1.240114330917850987e-21   -1.668360061628113567e-05   -1.879700855918789885e-21   +6.084166250492362029e-08   -4.806594876719520481e-21   -1.662275895377621335e-05   -6.686295732638310366e-21
+2.067068667500003357e+03   -1.570471244896093517e-05   -3.769166391608586661e-21   -1.592865942570085978e-05   -2.499758021377715379e-21   +3.043051095181843260e-08   -2.704447731618600200e-21   -1.589822891474903987e-05   -5.204205752996315955e-21
+3.100603001250001398e+03   -7.304955888560571076e-06   -2.519287380919728783e-21   -7.366222699702429339e-06   -3.129579866607647386e-21   -3.066625772069162113e-08   +2.886023643730546942e-21   -7.396888957423120835e-06   -2.435562228771004441e-22
+4.134137335000003077e+03   -1.717845398539197063e-06   -1.882142025861541420e-21   -1.729918413628101965e-06   -3.124697526722144318e-21   -1.637694229923343334e-08   -3.148053923404292472e-22   -1.746295355927335375e-06   -3.439502919062573283e-21
+5.167671668750001118e+03   -2.263705744970475352e-07   -2.507081531205970358e-21   -2.272208730405348770e-07   -2.497316851434963844e-21   -4.047743396743568777e-09   -1.657295386830363502e-23   -2.312686164372784441e-07   -2.513889805303267397e-21
+6.201206002500002796e+03   -1.724631483884608783e-08   -3.127138696664895852e-21   -1.721873809183146680e-08   -3.129579866607647386e-21   -4.904312567729637648e-10   -6.170550169435895800e-24   -1.770916934860443067e-08   -3.135750416777083246e-21
+7.234740336250000837e+03   -6.295513379036825176e-10   -2.502199191320466913e-21   -6.225323200029270977e-10   -1.879700855918789885e-21   -3.180107643938407591e-11   -1.343956339793533247e-25   -6.543333964423111800e-10   -1.879835251552769149e-21
+8.268274670000002516e+03   +1.422571094442612975e-10   -2.502199191320466913e-21   +1.426407686137781365e-10   -2.502199191320466913e-21   -1.150815633444527977e-12   +9.102822070791853722e-27   +1.414899529803336124e-10   -2.502190088498396231e-21
+9.301809003750000556e+03   +1.634255951318807346e-10   -1.874818516033286440e-21   +1.634355326033919505e-10   -3.127138696664895852e-21   -2.384243409294488524e-14   -8.234667885777431573e-30   +1.634116901692990180e-10   -3.127138704899563670e-21
+1.033534333750000224e+04   +1.637712759210616955e-10   -2.499758021377715379e-21   +1.637714137790976651e-10   -3.127138696664895852e-21   -2.862144379049810828e-16   -6.356919036113198839e-31   +1.637711275646597538e-10   -3.127138697300587774e-21
+1.136887767125000391e+04   +1.637746541073752088e-10   -3.122256356779392407e-21   +1.637746551247785143e-10   -2.499758021377715379e-21   -1.971638453665504439e-18   +8.098397247489018802e-32   +1.637746531531400678e-10   -2.499758021296731529e-21
+1.240241200500000559e+04   +1.637746738684921803e-10   -2.502199191320466913e-21   +1.637746738774426623e-10   -3.752078202009324415e-21   -1.228921261798344531e-20   -2.933319646515392147e-33   +1.637746738651534467e-10   -3.752078202012257696e-21
+1.343594633875000000e+04   +1.637746739430580406e-10   -3.124697526722144318e-21   +1.637746739429872132e-10   -3.749637032066572880e-21   +9.440774642415731607e-23   +5.370382953180418408e-34   +1.637746739430816152e-10   -3.749637032066035726e-21
+1.446948067250000167e+04   +1.637746739432400462e-10   -3.124697526722144318e-21   +1.637746739430037568e-10   -3.749637032066572880e-21   +1.981382063979158845e-23   -1.580157032385739406e-36   +1.637746739430235833e-10   -3.749637032066574385e-21
+1.550301500625000335e+04   +1.637746739432986209e-10   -3.124697526722144318e-21   +1.637746739430037568e-10   -3.749637032066572880e-21   -1.296168173153091407e-24   +2.370881602791757264e-37   +1.637746739430024644e-10   -3.749637032066572880e-21
+1.653654934000000503e+04   +1.637746739433376793e-10   -3.124697526722144318e-21   +1.637746739430037568e-10   -3.749637032066572880e-21   +1.432480254801862269e-25   -1.068332645386854089e-38   +1.637746739430039119e-10   -3.749637032066572880e-21
+1.757008367374999943e+04   +1.637746739433376793e-10   -3.124697526722144318e-21   +1.637746739430037568e-10   -3.749637032066572880e-21   -1.546908458346121541e-26   -1.314518832644249515e-38   +1.637746739430037310e-10   -3.749637032066572880e-21
+1.860361800750000111e+04   +1.637746739433376793e-10   -3.124697526722144318e-21   +1.637746739430037568e-10   -3.749637032066572880e-21   +1.344479200150096088e-27   -7.192455993905250609e-41   +1.637746739430037568e-10   -3.749637032066572880e-21
+1.963715234125000279e+04   +1.637746739433376793e-10   -3.124697526722144318e-21   +1.637746739430037568e-10   -3.749637032066572880e-21   -9.462587342972934907e-29   -5.328094749080006149e-42   +1.637746739430037568e-10   -3.749637032066572880e-21
+2.067068667500000447e+04   +1.637746739433376793e-10   -3.124697526722144318e-21   +1.637746739430037568e-10   -3.749637032066572880e-21   -9.437586277362968948e-33   -3.550638835436310586e-46   +1.637746739430037568e-10   -3.749637032066572880e-21
