# Original data was compressed by a factor of 5000; data points taken in the publication are the last data points, those are identical with the original data 
# t                         j_E_dir                     j_ortho                     j_intra_E_dir               j_intra_ortho               dtP_E_dir                   dtP_ortho                   j_intra_plus_dtP_E_dir      j_intra_plus_dtP_ortho     
-2.067068667499999719e+04   -3.286913269417992360e-20   +2.437264070843272259e-20   -3.303391166531566647e-20   +2.374770120308829365e-20   +1.633143708367852725e-34   -2.173853601022054349e-47   -3.303391166531550397e-20   +2.374770120308829365e-20
-1.963715234124999552e+04   -3.286913269417992360e-20   +2.437264070843272259e-20   -3.303391166531566647e-20   +2.374770120308829365e-20   +0.000000000000000000e+00   +0.000000000000000000e+00   -3.303391166531566647e-20   +2.374770120308829365e-20
-1.860361800749999747e+04   -3.286913269417992360e-20   +2.437264070843272259e-20   -3.303391166531566647e-20   +2.374770120308829365e-20   +0.000000000000000000e+00   +0.000000000000000000e+00   -3.303391166531566647e-20   +2.374770120308829365e-20
-1.757008367374999580e+04   -3.286913269417992360e-20   +2.437264070843272259e-20   -3.303391166531566647e-20   +2.374770120308829365e-20   +0.000000000000000000e+00   +0.000000000000000000e+00   -3.303391166531566647e-20   +2.374770120308829365e-20
-1.653654933999999776e+04   -3.286913269417992360e-20   +2.437264070843272259e-20   -3.303391166531566647e-20   +2.374770120308829365e-20   +0.000000000000000000e+00   +0.000000000000000000e+00   -3.303391166531566647e-20   +2.374770120308829365e-20
-1.550301500624999608e+04   -3.286913269417992360e-20   +2.437264070843272259e-20   -3.303391166531566647e-20   +2.374770120308829365e-20   +0.000000000000000000e+00   +0.000000000000000000e+00   -3.303391166531566647e-20   +2.374770120308829365e-20
-1.446948067249999804e+04   -3.286913269417992360e-20   +2.437264070843272259e-20   -3.303391166531566647e-20   +2.374770120308829365e-20   +0.000000000000000000e+00   +0.000000000000000000e+00   -3.303391166531566647e-20   +2.374770120308829365e-20
-1.343594633874999636e+04   -3.286913269417992360e-20   +2.437264070843272259e-20   -3.303391166531566647e-20   +2.374770120308829365e-20   +0.000000000000000000e+00   +0.000000000000000000e+00   -3.303391166531566647e-20   +2.374770120308829365e-20
-1.240241200499999650e+04   -3.286913269417992360e-20   +2.437264070843272259e-20   -3.303391166531566647e-20   +2.374770120308829365e-20   +0.000000000000000000e+00   +0.000000000000000000e+00   -3.303391166531566647e-20   +2.374770120308829365e-20
-1.136887767124999664e+04   -3.286913269417992360e-20   +2.437264070843272259e-20   -3.303391166531566647e-20   +2.374770120308829365e-20   +0.000000000000000000e+00   +0.000000000000000000e+00   -3.303391166531566647e-20   +2.374770120308829365e-20
-1.033534333749999678e+04   -3.286913269417992360e-20   +2.437264070843272259e-20   -3.303391166531566647e-20   +2.374770120308829365e-20   +0.000000000000000000e+00   +0.000000000000000000e+00   -3.303391166531566647e-20   +2.374770120308829365e-20
-9.301809003749996918e+03   -3.286913269417992360e-20   +2.437264070843272259e-20   -3.303391166531566647e-20   +2.374770120308829365e-20   +0.000000000000000000e+00   +0.000000000000000000e+00   -3.303391166531566647e-20   +2.374770120308829365e-20
-8.268274669999997059e+03   -3.286913269417992360e-20   +2.437264070843272259e-20   -3.303391166531566647e-20   +2.374770120308829365e-20   +0.000000000000000000e+00   +0.000000000000000000e+00   -3.303391166531566647e-20   +2.374770120308829365e-20
-7.234740336249997199e+03   -3.286913269417992360e-20   +2.437264070843272259e-20   -3.303391166531566647e-20   +2.374770120308829365e-20   +0.000000000000000000e+00   +0.000000000000000000e+00   -3.303391166531566647e-20   +2.374770120308829365e-20
-6.201206002499997339e+03   -3.286913269417992360e-20   +2.437264070843272259e-20   -3.303391166531566647e-20   +2.374770120308829365e-20   +0.000000000000000000e+00   +0.000000000000000000e+00   -3.303391166531566647e-20   +2.374770120308829365e-20
-5.167671668749997480e+03   -3.286913269417992360e-20   +2.437264070843272259e-20   -3.303391166531566647e-20   +2.374770120308829365e-20   +0.000000000000000000e+00   +0.000000000000000000e+00   -3.303391166531566647e-20   +2.374770120308829365e-20
-4.134137334999995801e+03   -3.286913269417992360e-20   +2.437264070843272259e-20   -3.303391166531566647e-20   +2.374770120308829365e-20   +0.000000000000000000e+00   +0.000000000000000000e+00   -3.303391166531566647e-20   +2.374770120308829365e-20
-3.100603001249997760e+03   -3.286913269417992360e-20   +2.437264070843272259e-20   -3.303391166531566647e-20   +2.374770120308829365e-20   +0.000000000000000000e+00   +0.000000000000000000e+00   -3.303391166531566647e-20   +2.374770120308829365e-20
-2.067068667499996081e+03   -3.286913269417992360e-20   +2.437264070843272259e-20   -3.303391166531566647e-20   +2.374770120308829365e-20   +8.121722047609103829e-49   -4.764998265140569425e-65   -3.303391166531566647e-20   +2.374770120308829365e-20
-1.033534333749998041e+03   +3.752375900673573563e-17   +2.374770120308829365e-20   +3.835079566823246355e-17   +2.499758021377715153e-20   -1.306985531406688925e-17   +1.710796712664610704e-32   +2.528094035416557275e-17   +2.499758021379425921e-20
+3.637978807091712952e-12   -2.889816171151190124e-05   +2.249782219239943578e-20   -1.413924326294031097e-07   +2.374770120308829365e-20   -2.828904370747819833e-05   +2.116318923588595412e-20   -2.843043614010760110e-05   +4.491089043897424778e-20
+1.033534333750001679e+03   +1.851234111967056314e-10   +2.499758021377715153e-20   +4.784162518257816189e-10   +2.249782219239943578e-20   -3.507778756232708694e-10   -5.019171554313994222e-23   +1.276383762025107495e-10   +2.244763047685629472e-20
+2.067068667500003357e+03   +4.766806506354589157e-10   +1.999806417102172002e-20   +4.784163010338077937e-10   +2.249782219239943578e-20   +1.501383473197765091e-12   +9.503210847322453096e-24   +4.799176845070055863e-10   +2.250732540324675831e-20
+3.100603001250001398e+03   +4.790963432256316009e-10   +2.499758021377715153e-20   +4.784163010338077937e-10   +2.249782219239943578e-20   +5.854359993575919581e-13   +6.516157923224740647e-25   +4.790017370331653556e-10   +2.249847380819175930e-20
+4.134137335000003077e+03   +4.783769197320630544e-10   +2.249782219239943578e-20   +4.784163010338077937e-10   +2.249782219239943578e-20   -4.189369499925488227e-14   -1.027159849623368824e-26   +4.783744073388085674e-10   +2.249781192080093853e-20
+5.167671668750001118e+03   +4.784119482021346292e-10   +1.999806417102172002e-20   +4.784163010338077937e-10   +2.249782219239943578e-20   -3.823641324055677195e-15   +4.027829399323736290e-27   +4.784124773924837144e-10   +2.249782622022883523e-20
+6.201206002500002796e+03   +4.784135813983199041e-10   +1.749830614964400427e-20   +4.784163010338077937e-10   +2.249782219239943578e-20   -3.050294093757065002e-15   -5.912926765923998932e-29   +4.784132507397140250e-10   +2.249782213327016958e-20
+7.234740336250000837e+03   +4.784163072295760770e-10   +1.999806417102172002e-20   +4.784163010338077937e-10   +2.249782219239943578e-20   +6.529297130261996183e-18   +1.997372583114488504e-29   +4.784163075631049160e-10   +2.249782221237316194e-20
+8.268274670000002516e+03   +4.784162909536778327e-10   +1.749830614964400427e-20   +4.784163010338077937e-10   +2.249782219239943578e-20   -1.136584986532131855e-17   +5.059423944056993384e-31   +4.784162896679579194e-10   +2.249782219290537757e-20
+9.301809003750000556e+03   +4.784163010647842601e-10   +1.999806417102172002e-20   +4.784163010338077937e-10   +2.249782219239943578e-20   +5.646309000324730027e-20   +7.011701661539021772e-32   +4.784163010902708322e-10   +2.249782219246955166e-20
+1.033534333750000224e+04   +4.784163010377876699e-10   +1.999806417102172002e-20   +4.784163010338077937e-10   +2.249782219239943578e-20   +3.256898485354126312e-21   -7.046072748177198221e-33   +4.784163010370647140e-10   +2.249782219239239109e-20
+1.136887767125000391e+04   +4.784163010343409116e-10   +1.999806417102172002e-20   +4.784163010338077937e-10   +2.249782219239943578e-20   -3.534391906885186910e-21   -2.363012202111802521e-34   +4.784163010302733544e-10   +2.249782219239919804e-20
+1.240241200500000559e+04   +4.784163010340130379e-10   +1.749830614964400427e-20   +4.784163010338077937e-10   +2.249782219239943578e-20   +2.892401908447601515e-23   +1.544013654802549251e-35   +4.784163010338367451e-10   +2.249782219239945082e-20
+1.343594633875000000e+04   +4.784163010340327869e-10   +1.749830614964400427e-20   +4.784163010338077937e-10   +2.249782219239943578e-20   -1.203253376215173267e-22   -1.384577462187068338e-36   +4.784163010336874390e-10   +2.249782219239943578e-20
+1.446948067250000167e+04   +4.784163010340327869e-10   +1.749830614964400427e-20   +4.784163010338077937e-10   +2.249782219239943578e-20   +2.451445798188070700e-25   +8.391378558561821067e-38   +4.784163010338080005e-10   +2.249782219239943578e-20
+1.550301500625000335e+04   +4.784163010340327869e-10   +1.749830614964400427e-20   +4.784163010338077937e-10   +2.249782219239943578e-20   +1.546065728463796932e-26   +6.555764498991800695e-40   +4.784163010338077937e-10   +2.249782219239943578e-20
+1.653654934000000503e+04   +4.784163010340327869e-10   +1.749830614964400427e-20   +4.784163010338077937e-10   +2.249782219239943578e-20   -5.998740648193344260e-28   +9.219043826707220493e-41   +4.784163010338077937e-10   +2.249782219239943578e-20
+1.757008367374999943e+04   +4.784163010340327869e-10   +1.749830614964400427e-20   +4.784163010338077937e-10   +2.249782219239943578e-20   -8.864992592874418159e-28   +1.536507304451203415e-41   +4.784163010338077937e-10   +2.249782219239943578e-20
+1.860361800750000111e+04   +4.784163010340327869e-10   +1.749830614964400427e-20   +4.784163010338077937e-10   +2.249782219239943578e-20   -1.636950103881899050e-28   -1.520502020029836766e-42   +4.784163010338077937e-10   +2.249782219239943578e-20
+1.963715234125000279e+04   +4.784163010340327869e-10   +1.749830614964400427e-20   +4.784163010338077937e-10   +2.249782219239943578e-20   +9.285720754670963714e-31   +5.001651381677094783e-44   +4.784163010338077937e-10   +2.249782219239943578e-20
+2.067068667500000447e+04   +4.784163010340327869e-10   +1.749830614964400427e-20   +4.784163010338077937e-10   +2.249782219239943578e-20   +1.634381324066387712e-34   -2.171352762827033589e-47   +4.784163010338077937e-10   +2.249782219239943578e-20
